   538
   543
   547
   552
   559
   570
   583
   595
   613
   635
   656
   685
   716
   753
   798
   849
   911
   988
  1083
  1198
  1347
  1540
  1799
  2169
  2724
  3657
  5462
 10266
 44725
 39726
 14976
  9939
  7736
  6483
  5670
  5098
  4671
  4347
  4083
  3868
  3688
  3534
  3409
  3295
  3200
  3116
  3041
  2977
  2917
  2876
  2826
  2783
  2750
  2721
  2690
  2673
  2650
  2632
  2615
  2605
  2595
  2595
  2587
  2585
  2587
  2595
  2596
  2606
  2616
  2633
  2651
  2673
  2691
  2722
  2751
  2785
  2827
  2876
  2918
  2979
  3043
  3118
  3201
  3296
  3411
  3537
  3690
  3870
  4086
  4348
  4674
  5101
  5673
  6487
  7740
  9942
 14982
 39731
 44725
 10268
  5462
  3657
  2724
  2169
  1799
  1540
  1347
  1198
  1083
   989
   911
   850
   799
   753
   716
   685
   656
   635
   613
   595
   583
   570
   559
   552
   547
   543
   538
   537
