   67
   67
   67
   67
   68
   68
   68
   68
   68
   69
   69
   69
   70
   70
   70
   71
   72
   72
   73
   73
   74
   74
   75
   76
   77
   78
   79
   80
   80
   81
   83
   84
   85
   86
   88
   89
   91
   92
   94
   96
   98
  100
  102
  104
  106
  109
  112
  115
  118
  121
  125
  129
  133
  138
  142
  148
  153
  160
  167
  174
  182
  191
  201
  212
  224
  238
  254
  272
  291
  316
  344
  374
  417
  462
  509
  601
  555
  502
  888
 2281
 4053
 5242
 5661
 5566
 5178
 4078
 2922
 2057
 1681
 1455
 1271
 1152
 1056
  973
  912
  858
  810
  772
  737
  706
  679
  655
  633
  614
  596
  579
  565
  551
  538
  527
  516
  505
  496
  487
  479
  471
  463
  456
  449
  443
  437
  432
  427
  421
  416
  412
  408
  403
  400
  396
  392
  389
  385
  382
  379
  376
  374
  371
  368
  366
  364
  362
  360
  358
  356
  354
  352
  350
  348
  346
  345
  344
  342
  341
  340
  338
  337
  336
  335
  334
  334
  333
  332
  331
  330
  329
  328
  328
  327
  326
  326
  325
  325
  324
  324
  324
  324
  324
  324
  323
  323
  323
  323
  323
  323
  323
  323
  323
  324
  324
  324
  324
  324
  324
  325
  325
  326
  326
  327
  327
  328
  329
  330
  330
  331
  332
  333
  334
  335
  335
  337
  338
  339
  340
  342
  343
  344
  346
  347
  349
  351
  353
  355
  357
  359
  361
  362
  364
  367
  370
  372
  375
  378
  381
  384
  387
  390
  394
  398
  401
  405
  409
  414
  419
  424
  429
  434
  440
  446
  453
  459
  467
  474
  482
  491
  500
  510
  521
  532
  544
  557
  571
  587
  603
  622
  643
  665
  690
  718
  749
  787
  827
  874
  935
  992
 1069
 1188
 1170
 1293
 1709
 2877
 4007
 4845
 5640
 5934
 5645
 3846
 2346
 1283
 1034
  830
  674
  585
  509
  448
  404
  365
  333
  307
  284
  264
  247
  232
  219
  207
  197
  187
  178
  171
  163
  157
  151
  145
  140
  136
  131
  127
  123
  120
  116
  113
  111
  108
  106
  103
  101
   99
   97
   95
   93
   92
   90
   89
   87
   86
   84
   83
   82
   81
   80
   79
   78
   77
   76
   75
   75
   74
   73
   73
   72
   72
   71
   71
   70
   70
   69
   69
   69
   68
   68
   68
   68
   68
   67
   67
   67
   67
   67
   67
   67
   67
   67
