   538
   538
   538
   538
   538
   538
   539
   539
   539
   539
   539
   539
   539
   540
   540
   540
   540
   540
   540
   541
   541
   541
   541
   541
   541
   541
   542
   542
   542
   542
   542
   542
   543
   543
   543
   543
   543
   543
   543
   543
   543
   544
   544
   544
   544
   544
   544
   544
   544
   545
   545
   545
   545
   545
   545
   545
   545
   546
   546
   546
   546
   546
   546
   546
   547
   547
   547
   547
   547
   547
   547
   547
   548
   548
   548
   548
   548
   548
   548
   549
   549
   549
   549
   549
   549
   550
   550
   550
   550
   550
   550
   551
   551
   551
   551
   551
   552
   552
   552
   552
   552
   552
   553
   553
   553
   553
   553
   553
   554
   554
   554
   554
   555
   555
   555
   555
   555
   556
   556
   556
   556
   557
   557
   557
   557
   558
   558
   558
   559
   559
   559
   559
   560
   560
   560
   561
   561
   561
   562
   562
   562
   563
   563
   563
   564
   564
   564
   565
   565
   565
   566
   566
   567
   567
   567
   568
   568
   568
   569
   569
   570
   570
   570
   571
   571
   572
   572
   572
   573
   573
   574
   574
   574
   575
   575
   576
   576
   577
   577
   577
   578
   578
   579
   579
   579
   580
   580
   581
   581
   581
   582
   582
   583
   583
   583
   583
   584
   584
   584
   585
   585
   585
   586
   586
   586
   587
   587
   587
   588
   588
   589
   589
   589
   590
   590
   591
   591
   591
   592
   592
   593
   593
   594
   594
   595
   595
   596
   596
   597
   597
   598
   598
   599
   599
   600
   600
   601
   601
   602
   602
   603
   604
   604
   605
   605
   606
   606
   607
   608
   608
   609
   609
   610
   611
   611
   612
   613
   613
   614
   615
   615
   616
   617
   617
   618
   619
   619
   620
   621
   622
   622
   623
   624
   624
   625
   626
   626
   627
   628
   628
   629
   630
   630
   631
   632
   632
   633
   634
   635
   635
   636
   636
   637
   637
   638
   638
   639
   640
   640
   641
   641
   642
   643
   643
   644
   645
   645
   646
   647
   647
   648
   649
   650
   650
   651
   652
   652
   653
   654
   655
   656
   656
   657
   658
   659
   660
   661
   662
   663
   663
   664
   665
   666
   667
   668
   669
   670
   671
   672
   672
   673
   674
   675
   676
   677
   678
   679
   680
   681
   682
   683
   684
   685
   685
   686
   687
   688
   689
   690
   691
   692
   693
   694
   694
   695
   696
   697
   698
   699
   700
   701
   702
   703
   704
   705
   706
   707
   708
   709
   710
   711
   712
   713
   714
   716
   717
   718
   719
   720
   721
   722
   723
   724
   725
   726
   727
   728
   730
   731
   732
   733
   734
   735
   737
   738
   739
   740
   741
   743
   744
   745
   746
   747
   749
   750
   751
   753
   754
   755
   756
   758
   759
   760
   762
   763
   765
   766
   767
   769
   770
   771
   773
   774
   776
   777
   778
   780
   781
   783
   784
   786
   787
   789
   790
   792
   793
   795
   796
   798
   799
   800
   802
   803
   805
   806
   808
   809
   811
   812
   814
   815
   817
   818
   820
   822
   823
   825
   826
   828
   830
   831
   833
   835
   836
   838
   840
   842
   843
   845
   847
   849
   850
   852
   854
   855
   857
   859
   861
   863
   864
   866
   868
   870
   872
   874
   876
   878
   880
   882
   884
   885
   887
   890
   892
   894
   896
   898
   900
   902
   904
   906
   908
   911
   913
   915
   917
   919
   921
   924
   926
   928
   930
   933
   935
   937
   940
   942
   944
   947
   949
   952
   954
   957
   959
   962
   964
   967
   969
   972
   974
   977
   980
   982
   985
   988
   990
   993
   996
   998
  1001
  1004
  1007
  1009
  1012
  1015
  1018
  1021
  1024
  1027
  1030
  1033
  1035
  1038
  1041
  1045
  1048
  1051
  1054
  1057
  1060
  1063
  1066
  1070
  1073
  1076
  1079
  1083
  1086
  1089
  1092
  1095
  1098
  1101
  1105
  1108
  1111
  1115
  1118
  1122
  1125
  1129
  1132
  1136
  1139
  1143
  1147
  1150
  1154
  1158
  1162
  1166
  1169
  1173
  1177
  1181
  1185
  1189
  1193
  1198
  1201
  1206
  1210
  1214
  1218
  1222
  1226
  1231
  1235
  1239
  1244
  1248
  1253
  1257
  1262
  1267
  1271
  1276
  1281
  1285
  1290
  1295
  1300
  1305
  1310
  1315
  1320
  1325
  1331
  1336
  1341
  1347
  1352
  1357
  1362
  1367
  1372
  1378
  1383
  1389
  1394
  1400
  1405
  1411
  1417
  1423
  1429
  1435
  1441
  1447
  1453
  1459
  1466
  1472
  1479
  1485
  1492
  1498
  1505
  1512
  1519
  1526
  1532
  1540
  1546
  1552
  1559
  1566
  1573
  1580
  1587
  1594
  1601
  1609
  1616
  1624
  1631
  1639
  1647
  1655
  1663
  1672
  1680
  1688
  1697
  1706
  1714
  1723
  1732
  1741
  1751
  1760
  1770
  1779
  1789
  1799
  1807
  1816
  1825
  1835
  1844
  1854
  1864
  1874
  1884
  1894
  1905
  1916
  1927
  1938
  1949
  1960
  1972
  1984
  1996
  2008
  2020
  2033
  2046
  2059
  2072
  2085
  2098
  2112
  2126
  2140
  2154
  2169
  2180
  2192
  2204
  2217
  2230
  2244
  2258
  2272
  2286
  2301
  2317
  2332
  2348
  2365
  2382
  2399
  2416
  2434
  2452
  2471
  2490
  2509
  2529
  2549
  2570
  2591
  2612
  2633
  2655
  2678
  2700
  2724
  2739
  2756
  2774
  2792
  2812
  2832
  2853
  2875
  2898
  2921
  2946
  2971
  2997
  3024
  3052
  3081
  3111
  3141
  3172
  3204
  3237
  3271
  3306
  3342
  3378
  3415
  3453
  3492
  3532
  3573
  3614
  3657
  3668
  3681
  3698
  3718
  3741
  3766
  3795
  3827
  3861
  3898
  3939
  3982
  4028
  4077
  4129
  4184
  4242
  4303
  4367
  4433
  4503
  4575
  4651
  4729
  4810
  4895
  4982
  5072
  5165
  5261
  5360
  5462
  5163
  4893
  4652
  4440
  4257
  4103
  3978
  3882
  3815
  3777
  3768
  3788
  3837
  3914
  4021
  4157
  4321
  4515
  4737
  4989
  5269
  5579
  5917
  6284
  6681
  7106
  7560
  8043
  8555
  9096
  9666
 10266
 11940
 13575
 15172
 16731
 18251
 19732
 21175
 22579
 23945
 25273
 26561
 27812
 29023
 30196
 31331
 32427
 33485
 34504
 35484
 36426
 37330
 38195
 39021
 39809
 40558
 41269
 41941
 42575
 43170
 43727
 44245
 44725
 44867
 44991
 45095
 45180
 45245
 45292
 45319
 45326
 45315
 45284
 45234
 45164
 45076
 44968
 44840
 44694
 44528
 44343
 44138
 43915
 43672
 43409
 43128
 42827
 42507
 42167
 41809
 41431
 41033
 40617
 40181
 39726
 38654
 37601
 36568
 35554
 34559
 33583
 32627
 31690
 30772
 29874
 28994
 28134
 27293
 26472
 25669
 24886
 24123
 23378
 22653
 21947
 21260
 20592
 19944
 19315
 18705
 18115
 17543
 16991
 16458
 15945
 15451
 14976
 14775
 14578
 14383
 14191
 14002
 13815
 13631
 13451
 13272
 13097
 12924
 12755
 12587
 12423
 12262
 12103
 11947
 11793
 11643
 11495
 11350
 11208
 11069
 10932
 10798
 10667
 10539
 10413
 10290
 10170
 10053
  9939
  9855
  9773
  9692
  9611
  9532
  9453
  9375
  9299
  9223
  9148
  9074
  9001
  8929
  8858
  8788
  8718
  8650
  8582
  8516
  8450
  8386
  8322
  8259
  8197
  8136
  8076
  8017
  7959
  7902
  7845
  7790
  7736
  7690
  7644
  7599
  7555
  7511
  7467
  7424
  7381
  7339
  7297
  7255
  7214
  7173
  7133
  7093
  7054
  7015
  6977
  6938
  6901
  6864
  6827
  6790
  6755
  6719
  6684
  6649
  6615
  6581
  6548
  6515
  6483
  6453
  6425
  6396
  6368
  6340
  6312
  6284
  6257
  6229
  6203
  6176
  6149
  6123
  6097
  6071
  6046
  6021
  5996
  5971
  5946
  5922
  5898
  5874
  5850
  5827
  5804
  5781
  5758
  5735
  5713
  5691
  5670
  5649
  5630
  5610
  5590
  5571
  5551
  5532
  5513
  5494
  5475
  5457
  5438
  5420
  5401
  5383
  5365
  5348
  5330
  5312
  5295
  5278
  5261
  5244
  5227
  5210
  5194
  5177
  5161
  5145
  5129
  5113
  5098
  5083
  5068
  5053
  5038
  5024
  5010
  4995
  4981
  4967
  4953
  4939
  4925
  4912
  4898
  4885
  4871
  4858
  4845
  4832
  4819
  4806
  4793
  4780
  4768
  4755
  4743
  4730
  4718
  4706
  4694
  4682
  4671
  4659
  4648
  4638
  4627
  4616
  4605
  4594
  4584
  4573
  4563
  4552
  4542
  4532
  4521
  4511
  4501
  4491
  4481
  4471
  4461
  4451
  4441
  4432
  4422
  4412
  4403
  4393
  4384
  4374
  4365
  4356
  4347
  4338
  4329
  4320
  4311
  4302
  4293
  4285
  4276
  4267
  4259
  4250
  4242
  4233
  4225
  4217
  4208
  4200
  4192
  4184
  4176
  4168
  4160
  4152
  4144
  4136
  4128
  4121
  4113
  4105
  4098
  4090
  4083
  4075
  4068
  4061
  4054
  4047
  4040
  4032
  4025
  4018
  4012
  4005
  3998
  3991
  3984
  3977
  3971
  3964
  3957
  3951
  3944
  3937
  3931
  3924
  3918
  3912
  3905
  3899
  3892
  3886
  3880
  3874
  3868
  3861
  3855
  3850
  3844
  3838
  3832
  3826
  3820
  3814
  3808
  3803
  3797
  3791
  3786
  3780
  3774
  3769
  3763
  3757
  3752
  3746
  3741
  3735
  3730
  3725
  3719
  3714
  3709
  3703
  3698
  3693
  3688
  3682
  3677
  3672
  3667
  3662
  3656
  3651
  3646
  3641
  3636
  3631
  3626
  3621
  3617
  3612
  3607
  3602
  3597
  3593
  3588
  3583
  3579
  3574
  3569
  3565
  3560
  3556
  3551
  3547
  3542
  3538
  3534
  3529
  3525
  3521
  3517
  3513
  3509
  3505
  3501
  3497
  3493
  3489
  3485
  3481
  3477
  3474
  3470
  3466
  3462
  3458
  3454
  3450
  3446
  3443
  3439
  3435
  3431
  3427
  3424
  3420
  3416
  3412
  3409
  3405
  3401
  3397
  3393
  3389
  3386
  3382
  3378
  3375
  3371
  3367
  3364
  3360
  3356
  3353
  3349
  3346
  3342
  3339
  3335
  3332
  3328
  3325
  3321
  3318
  3314
  3311
  3308
  3304
  3301
  3298
  3295
  3291
  3288
  3285
  3282
  3279
  3276
  3273
  3270
  3267
  3264
  3261
  3258
  3255
  3252
  3249
  3246
  3243
  3240
  3237
  3234
  3231
  3228
  3225
  3222
  3219
  3216
  3214
  3211
  3208
  3205
  3202
  3200
  3197
  3194
  3191
  3189
  3186
  3183
  3180
  3178
  3175
  3172
  3170
  3167
  3164
  3162
  3159
  3156
  3154
  3151
  3149
  3146
  3143
  3141
  3138
  3136
  3133
  3131
  3128
  3126
  3123
  3120
  3118
  3116
  3113
  3110
  3108
  3106
  3103
  3101
  3098
  3096
  3093
  3091
  3088
  3086
  3084
  3081
  3079
  3077
  3074
  3072
  3070
  3067
  3065
  3063
  3060
  3058
  3056
  3054
  3051
  3049
  3047
  3045
  3043
  3041
  3038
  3036
  3034
  3032
  3030
  3028
  3026
  3024
  3022
  3020
  3018
  3016
  3014
  3012
  3010
  3008
  3006
  3004
  3002
  3000
  2998
  2996
  2994
  2992
  2990
  2988
  2986
  2984
  2982
  2980
  2978
  2977
  2974
  2972
  2970
  2968
  2966
  2964
  2962
  2960
  2958
  2956
  2954
  2952
  2950
  2948
  2946
  2944
  2942
  2940
  2939
  2937
  2935
  2933
  2931
  2930
  2928
  2926
  2925
  2923
  2921
  2920
  2918
  2917
  2915
  2914
  2913
  2912
  2911
  2909
  2908
  2907
  2906
  2905
  2903
  2902
  2901
  2900
  2898
  2897
  2896
  2895
  2893
  2892
  2891
  2889
  2888
  2887
  2885
  2884
  2882
  2881
  2880
  2878
  2877
  2876
  2874
  2872
  2871
  2869
  2867
  2866
  2864
  2862
  2861
  2859
  2858
  2856
  2854
  2853
  2851
  2850
  2848
  2847
  2845
  2843
  2842
  2840
  2839
  2837
  2836
  2834
  2833
  2831
  2830
  2828
  2827
  2826
  2824
  2823
  2821
  2820
  2818
  2817
  2815
  2814
  2812
  2811
  2810
  2808
  2807
  2805
  2804
  2803
  2801
  2800
  2799
  2797
  2796
  2795
  2794
  2792
  2791
  2790
  2789
  2787
  2786
  2785
  2784
  2783
  2781
  2780
  2779
  2778
  2777
  2776
  2775
  2774
  2773
  2772
  2771
  2770
  2769
  2768
  2767
  2766
  2764
  2763
  2762
  2761
  2760
  2759
  2758
  2757
  2756
  2755
  2754
  2753
  2752
  2751
  2750
  2750
  2749
  2748
  2747
  2746
  2745
  2744
  2743
  2742
  2742
  2741
  2740
  2739
  2738
  2737
  2736
  2735
  2734
  2733
  2733
  2732
  2731
  2730
  2729
  2728
  2727
  2726
  2725
  2724
  2723
  2722
  2721
  2721
  2719
  2718
  2717
  2716
  2715
  2714
  2713
  2711
  2710
  2709
  2708
  2707
  2706
  2705
  2704
  2703
  2702
  2701
  2700
  2699
  2699
  2698
  2697
  2696
  2695
  2694
  2693
  2693
  2692
  2691
  2690
  2690
  2689
  2689
  2688
  2688
  2687
  2687
  2686
  2686
  2685
  2685
  2684
  2684
  2683
  2683
  2682
  2682
  2681
  2681
  2680
  2680
  2679
  2678
  2678
  2677
  2677
  2676
  2676
  2675
  2674
  2674
  2673
  2673
  2672
  2671
  2670
  2669
  2669
  2668
  2667
  2666
  2666
  2665
  2664
  2663
  2663
  2662
  2661
  2660
  2660
  2659
  2658
  2658
  2657
  2656
  2655
  2655
  2654
  2653
  2653
  2652
  2651
  2651
  2650
  2650
  2649
  2648
  2648
  2647
  2647
  2646
  2645
  2645
  2644
  2644
  2643
  2643
  2642
  2642
  2641
  2640
  2640
  2639
  2639
  2638
  2638
  2637
  2636
  2636
  2635
  2635
  2634
  2634
  2633
  2633
  2632
  2632
  2631
  2630
  2630
  2629
  2628
  2628
  2627
  2627
  2626
  2625
  2625
  2624
  2624
  2623
  2623
  2622
  2622
  2621
  2621
  2620
  2620
  2619
  2619
  2618
  2618
  2617
  2617
  2616
  2616
  2615
  2615
  2615
  2614
  2614
  2614
  2613
  2613
  2613
  2612
  2612
  2612
  2611
  2611
  2611
  2610
  2610
  2610
  2610
  2609
  2609
  2609
  2608
  2608
  2608
  2607
  2607
  2607
  2606
  2606
  2606
  2605
  2605
  2605
  2605
  2604
  2604
  2603
  2603
  2602
  2602
  2601
  2601
  2601
  2600
  2600
  2600
  2599
  2599
  2599
  2598
  2598
  2598
  2597
  2597
  2597
  2597
  2596
  2596
  2596
  2596
  2595
  2595
  2595
  2595
  2595
  2595
  2595
  2595
  2595
  2595
  2595
  2595
  2595
  2595
  2595
  2595
  2595
  2595
  2595
  2595
  2595
  2596
  2595
  2595
  2595
  2595
  2595
  2595
  2595
  2595
  2595
  2595
  2595
  2595
  2595
  2595
  2595
  2595
  2594
  2594
  2593
  2593
  2593
  2593
  2592
  2592
  2592
  2591
  2591
  2591
  2591
  2590
  2590
  2590
  2590
  2589
  2589
  2589
  2589
  2588
  2588
  2588
  2588
  2588
  2587
  2587
  2587
  2587
  2587
  2587
  2586
  2586
  2586
  2586
  2586
  2586
  2586
  2586
  2586
  2585
  2585
  2585
  2585
  2585
  2585
  2585
  2585
  2585
  2585
  2585
  2585
  2585
  2585
  2585
  2585
  2585
  2585
  2585
  2585
  2585
  2585
  2585
  2584
  2584
  2584
  2584
  2584
  2584
  2584
  2584
  2584
  2584
  2585
  2585
  2585
  2585
  2585
  2585
  2585
  2585
  2585
  2585
  2585
  2585
  2585
  2585
  2586
  2586
  2586
  2586
  2586
  2586
  2586
  2587
  2587
  2587
  2588
  2588
  2588
  2589
  2589
  2589
  2589
  2590
  2590
  2590
  2591
  2591
  2591
  2591
  2592
  2592
  2592
  2592
  2593
  2593
  2593
  2593
  2593
  2594
  2594
  2594
  2594
  2594
  2594
  2595
  2594
  2594
  2594
  2594
  2594
  2594
  2594
  2594
  2594
  2594
  2594
  2594
  2594
  2594
  2594
  2594
  2594
  2594
  2594
  2594
  2594
  2594
  2594
  2594
  2595
  2595
  2595
  2595
  2595
  2595
  2595
  2596
  2596
  2596
  2596
  2597
  2597
  2597
  2598
  2598
  2598
  2599
  2599
  2599
  2600
  2600
  2600
  2601
  2601
  2601
  2601
  2602
  2602
  2602
  2603
  2603
  2603
  2604
  2604
  2604
  2605
  2605
  2605
  2606
  2606
  2606
  2606
  2606
  2607
  2607
  2607
  2607
  2608
  2608
  2608
  2608
  2609
  2609
  2609
  2610
  2610
  2610
  2611
  2611
  2611
  2612
  2612
  2612
  2613
  2613
  2613
  2614
  2614
  2615
  2615
  2616
  2616
  2617
  2617
  2618
  2618
  2619
  2619
  2620
  2620
  2621
  2621
  2622
  2622
  2623
  2623
  2624
  2624
  2625
  2625
  2626
  2627
  2627
  2628
  2628
  2629
  2629
  2630
  2630
  2631
  2631
  2632
  2633
  2633
  2634
  2634
  2635
  2635
  2636
  2636
  2637
  2637
  2638
  2638
  2639
  2639
  2640
  2640
  2641
  2642
  2642
  2643
  2643
  2644
  2644
  2645
  2646
  2646
  2647
  2647
  2648
  2649
  2649
  2650
  2651
  2651
  2652
  2653
  2653
  2654
  2655
  2656
  2656
  2657
  2658
  2659
  2659
  2660
  2661
  2661
  2662
  2663
  2663
  2664
  2665
  2665
  2666
  2667
  2667
  2668
  2669
  2669
  2670
  2671
  2671
  2672
  2673
  2673
  2673
  2674
  2674
  2674
  2675
  2675
  2676
  2676
  2677
  2677
  2678
  2678
  2679
  2679
  2680
  2680
  2681
  2682
  2682
  2683
  2683
  2684
  2685
  2685
  2686
  2687
  2688
  2688
  2689
  2690
  2691
  2691
  2692
  2693
  2694
  2695
  2696
  2697
  2698
  2699
  2700
  2701
  2702
  2703
  2704
  2705
  2706
  2707
  2708
  2709
  2710
  2711
  2712
  2713
  2714
  2715
  2716
  2717
  2718
  2719
  2720
  2721
  2722
  2722
  2723
  2724
  2725
  2726
  2727
  2727
  2728
  2729
  2730
  2731
  2732
  2733
  2734
  2734
  2735
  2736
  2737
  2738
  2739
  2740
  2741
  2742
  2743
  2744
  2745
  2746
  2747
  2748
  2749
  2750
  2751
  2751
  2752
  2753
  2754
  2755
  2756
  2757
  2758
  2759
  2760
  2761
  2762
  2763
  2764
  2765
  2767
  2768
  2769
  2770
  2771
  2772
  2773
  2774
  2775
  2776
  2778
  2779
  2780
  2781
  2782
  2783
  2785
  2786
  2787
  2788
  2789
  2791
  2792
  2793
  2794
  2796
  2797
  2798
  2799
  2801
  2802
  2803
  2805
  2806
  2807
  2809
  2810
  2811
  2813
  2814
  2815
  2817
  2818
  2819
  2821
  2822
  2824
  2825
  2827
  2828
  2830
  2831
  2833
  2835
  2836
  2838
  2839
  2841
  2843
  2844
  2846
  2847
  2849
  2850
  2852
  2853
  2855
  2856
  2858
  2859
  2861
  2862
  2864
  2865
  2867
  2868
  2870
  2871
  2873
  2874
  2876
  2877
  2878
  2879
  2880
  2881
  2882
  2883
  2884
  2885
  2887
  2888
  2889
  2890
  2892
  2893
  2894
  2895
  2897
  2898
  2900
  2901
  2902
  2904
  2905
  2907
  2908
  2910
  2911
  2913
  2914
  2916
  2918
  2919
  2921
  2923
  2925
  2927
  2929
  2931
  2932
  2934
  2936
  2938
  2940
  2942
  2944
  2946
  2948
  2950
  2951
  2953
  2955
  2957
  2959
  2961
  2963
  2965
  2967
  2969
  2971
  2973
  2975
  2977
  2979
  2980
  2982
  2984
  2986
  2988
  2990
  2992
  2993
  2995
  2997
  2999
  3001
  3003
  3005
  3007
  3009
  3011
  3013
  3015
  3017
  3019
  3021
  3023
  3025
  3028
  3030
  3032
  3034
  3036
  3038
  3040
  3043
  3045
  3047
  3049
  3051
  3054
  3056
  3058
  3061
  3063
  3065
  3067
  3070
  3072
  3074
  3077
  3079
  3081
  3084
  3086
  3088
  3091
  3093
  3096
  3098
  3100
  3103
  3105
  3108
  3110
  3113
  3115
  3118
  3120
  3122
  3125
  3127
  3130
  3132
  3135
  3137
  3140
  3142
  3145
  3147
  3150
  3152
  3155
  3158
  3160
  3163
  3165
  3168
  3171
  3173
  3176
  3179
  3181
  3184
  3187
  3189
  3192
  3195
  3198
  3201
  3203
  3206
  3209
  3211
  3214
  3217
  3220
  3222
  3225
  3228
  3231
  3234
  3237
  3240
  3243
  3246
  3248
  3251
  3254
  3258
  3261
  3264
  3267
  3270
  3273
  3276
  3279
  3283
  3286
  3289
  3292
  3296
  3299
  3302
  3306
  3309
  3313
  3316
  3320
  3323
  3327
  3330
  3334
  3337
  3341
  3344
  3348
  3352
  3355
  3359
  3362
  3366
  3370
  3373
  3377
  3381
  3384
  3388
  3392
  3396
  3399
  3403
  3407
  3411
  3414
  3418
  3421
  3425
  3428
  3432
  3436
  3439
  3443
  3447
  3451
  3455
  3458
  3462
  3466
  3470
  3474
  3478
  3482
  3486
  3490
  3494
  3498
  3502
  3507
  3511
  3515
  3519
  3524
  3528
  3532
  3537
  3541
  3545
  3550
  3554
  3559
  3563
  3568
  3572
  3577
  3581
  3586
  3591
  3595
  3600
  3605
  3610
  3614
  3619
  3624
  3629
  3634
  3639
  3644
  3649
  3654
  3659
  3664
  3669
  3674
  3679
  3684
  3690
  3695
  3700
  3705
  3710
  3715
  3721
  3726
  3731
  3736
  3742
  3747
  3753
  3758
  3764
  3769
  3775
  3781
  3786
  3792
  3798
  3804
  3809
  3815
  3821
  3827
  3833
  3839
  3845
  3851
  3857
  3863
  3870
  3876
  3882
  3888
  3894
  3900
  3906
  3913
  3919
  3926
  3932
  3939
  3945
  3952
  3958
  3965
  3972
  3979
  3985
  3992
  3999
  4006
  4013
  4020
  4027
  4034
  4041
  4049
  4056
  4063
  4071
  4078
  4086
  4093
  4100
  4107
  4115
  4122
  4130
  4137
  4145
  4153
  4161
  4168
  4176
  4184
  4192
  4200
  4209
  4217
  4225
  4233
  4242
  4250
  4259
  4267
  4276
  4285
  4294
  4302
  4311
  4320
  4329
  4338
  4348
  4356
  4365
  4374
  4383
  4392
  4401
  4410
  4420
  4429
  4439
  4448
  4458
  4468
  4478
  4488
  4498
  4508
  4518
  4529
  4539
  4550
  4561
  4572
  4583
  4594
  4605
  4616
  4627
  4639
  4650
  4662
  4674
  4685
  4696
  4707
  4719
  4731
  4743
  4755
  4767
  4779
  4791
  4804
  4817
  4829
  4842
  4856
  4869
  4882
  4896
  4910
  4923
  4937
  4951
  4966
  4980
  4995
  5009
  5024
  5039
  5054
  5070
  5085
  5101
  5115
  5129
  5144
  5159
  5174
  5189
  5205
  5221
  5237
  5253
  5270
  5287
  5304
  5321
  5338
  5356
  5374
  5392
  5411
  5430
  5449
  5468
  5487
  5507
  5527
  5547
  5567
  5588
  5609
  5630
  5651
  5673
  5691
  5711
  5730
  5750
  5771
  5792
  5813
  5835
  5857
  5880
  5903
  5926
  5950
  5975
  5999
  6025
  6050
  6076
  6103
  6130
  6157
  6185
  6213
  6242
  6271
  6300
  6330
  6361
  6392
  6423
  6454
  6487
  6511
  6537
  6564
  6591
  6620
  6649
  6680
  6711
  6743
  6776
  6810
  6845
  6881
  6918
  6956
  6994
  7034
  7075
  7116
  7158
  7202
  7246
  7291
  7337
  7384
  7432
  7481
  7531
  7582
  7633
  7686
  7740
  7765
  7794
  7825
  7860
  7896
  7936
  7979
  8024
  8072
  8123
  8176
  8233
  8292
  8354
  8418
  8486
  8556
  8629
  8705
  8783
  8864
  8949
  9035
  9125
  9217
  9312
  9410
  9511
  9615
  9721
  9830
  9942
  9801
  9679
  9577
  9494
  9430
  9385
  9360
  9354
  9367
  9399
  9451
  9522
  9612
  9721
  9850
  9998
 10165
 10351
 10557
 10782
 11026
 11289
 11572
 11874
 12195
 12535
 12895
 13274
 13672
 14089
 14526
 14982
 16054
 17107
 18141
 19155
 20151
 21127
 22083
 23021
 23939
 24838
 25717
 26577
 27418
 28240
 29042
 29825
 30589
 31334
 32059
 32765
 33451
 34119
 34767
 35395
 36005
 36595
 37166
 37717
 38249
 38762
 39256
 39731
 40484
 41198
 41875
 42512
 43111
 43672
 44194
 44678
 45123
 45529
 45897
 46226
 46517
 46770
 46984
 47159
 47296
 47394
 47454
 47475
 47458
 47402
 47307
 47175
 47003
 46793
 46545
 46258
 45932
 45568
 45166
 44725
 43199
 41702
 40235
 38796
 37386
 36005
 34653
 33330
 32037
 30772
 29535
 28328
 27150
 26001
 24881
 23790
 22727
 21694
 20690
 19714
 18768
 17850
 16962
 16102
 15271
 14470
 13697
 12953
 12238
 11552
 10895
 10268
 10072
  9879
  9689
  9503
  9319
  9138
  8960
  8785
  8612
  8443
  8277
  8114
  7953
  7796
  7641
  7489
  7341
  7195
  7052
  6912
  6775
  6641
  6510
  6382
  6256
  6134
  6015
  5898
  5785
  5674
  5566
  5462
  5392
  5323
  5255
  5188
  5122
  5057
  4992
  4929
  4866
  4804
  4743
  4682
  4623
  4565
  4507
  4450
  4394
  4339
  4285
  4231
  4179
  4127
  4076
  4026
  3977
  3929
  3881
  3834
  3789
  3744
  3700
  3657
  3622
  3587
  3553
  3519
  3486
  3453
  3420
  3388
  3356
  3324
  3293
  3262
  3232
  3202
  3172
  3143
  3114
  3085
  3057
  3029
  3002
  2974
  2948
  2921
  2895
  2870
  2844
  2819
  2795
  2771
  2747
  2724
  2703
  2683
  2664
  2644
  2625
  2605
  2586
  2567
  2549
  2530
  2512
  2494
  2476
  2458
  2440
  2423
  2406
  2389
  2372
  2355
  2338
  2322
  2306
  2290
  2274
  2258
  2243
  2228
  2213
  2198
  2183
  2169
  2155
  2142
  2129
  2116
  2103
  2091
  2078
  2066
  2053
  2041
  2029
  2017
  2005
  1993
  1981
  1970
  1958
  1947
  1935
  1924
  1913
  1902
  1891
  1881
  1870
  1859
  1849
  1839
  1828
  1818
  1808
  1799
  1789
  1780
  1771
  1763
  1754
  1745
  1736
  1728
  1719
  1710
  1702
  1694
  1685
  1677
  1669
  1661
  1653
  1645
  1637
  1629
  1621
  1613
  1606
  1598
  1591
  1583
  1576
  1568
  1561
  1554
  1547
  1540
  1533
  1526
  1520
  1513
  1506
  1500
  1494
  1487
  1481
  1474
  1468
  1462
  1456
  1450
  1444
  1438
  1431
  1426
  1420
  1414
  1408
  1402
  1396
  1391
  1385
  1379
  1374
  1368
  1363
  1357
  1352
  1347
  1341
  1336
  1331
  1326
  1321
  1316
  1311
  1306
  1301
  1296
  1291
  1287
  1282
  1277
  1272
  1268
  1263
  1259
  1254
  1249
  1245
  1240
  1236
  1232
  1227
  1223
  1219
  1214
  1210
  1206
  1202
  1198
  1194
  1190
  1186
  1182
  1178
  1174
  1171
  1167
  1163
  1159
  1156
  1152
  1148
  1145
  1141
  1137
  1134
  1130
  1127
  1123
  1120
  1116
  1113
  1109
  1106
  1102
  1099
  1096
  1092
  1089
  1086
  1083
  1079
  1076
  1073
  1070
  1067
  1064
  1061
  1058
  1054
  1051
  1048
  1045
  1042
  1039
  1036
  1034
  1031
  1028
  1025
  1022
  1019
  1016
  1013
  1011
  1008
  1005
  1002
   999
   997
   994
   991
   989
   986
   983
   980
   978
   975
   973
   970
   967
   965
   962
   960
   957
   955
   952
   950
   947
   945
   943
   940
   938
   935
   933
   931
   928
   926
   924
   922
   919
   917
   915
   913
   911
   908
   906
   904
   902
   900
   898
   896
   894
   892
   890
   888
   886
   885
   883
   881
   879
   877
   875
   873
   871
   869
   867
   866
   864
   862
   860
   858
   857
   855
   853
   851
   850
   848
   846
   845
   843
   841
   840
   838
   836
   835
   833
   831
   830
   828
   827
   825
   823
   822
   820
   819
   817
   815
   814
   812
   811
   809
   808
   806
   805
   803
   802
   800
   799
   797
   795
   794
   792
   791
   789
   788
   786
   785
   783
   782
   780
   779
   777
   776
   774
   773
   772
   770
   769
   767
   766
   765
   763
   762
   760
   759
   758
   756
   755
   754
   753
   751
   750
   749
   748
   746
   745
   744
   743
   741
   740
   739
   738
   737
   736
   734
   733
   732
   731
   730
   729
   728
   726
   725
   724
   723
   722
   721
   720
   719
   718
   717
   716
   715
   714
   713
   712
   711
   710
   709
   708
   707
   706
   705
   704
   703
   702
   701
   700
   699
   698
   697
   696
   695
   694
   693
   692
   691
   690
   689
   688
   687
   686
   685
   685
   683
   682
   681
   680
   679
   678
   677
   677
   676
   675
   674
   673
   672
   671
   670
   669
   668
   667
   666
   665
   665
   664
   663
   662
   661
   660
   660
   659
   658
   657
   656
   656
   655
   654
   654
   653
   652
   652
   651
   650
   650
   649
   648
   648
   647
   646
   646
   645
   644
   644
   643
   642
   642
   641
   641
   640
   639
   639
   638
   637
   637
   636
   635
   635
   634
   633
   632
   632
   631
   630
   629
   629
   628
   627
   626
   626
   625
   624
   624
   623
   622
   622
   621
   620
   620
   619
   618
   618
   617
   616
   616
   615
   614
   614
   613
   613
   612
   611
   611
   610
   609
   609
   608
   607
   607
   606
   606
   605
   604
   604
   603
   603
   602
   602
   601
   601
   600
   599
   599
   598
   598
   597
   597
   596
   596
   595
   595
   595
   594
   594
   593
   593
   593
   592
   592
   592
   591
   591
   590
   590
   590
   589
   589
   589
   588
   588
   587
   587
   587
   586
   586
   586
   585
   585
   584
   584
   584
   583
   583
   583
   582
   582
   581
   581
   580
   580
   579
   579
   579
   578
   578
   577
   577
   577
   576
   576
   575
   575
   575
   574
   574
   573
   573
   573
   572
   572
   571
   571
   571
   570
   570
   570
   569
   569
   568
   568
   568
   567
   567
   566
   566
   566
   565
   565
   565
   564
   564
   564
   563
   563
   562
   562
   562
   562
   561
   561
   561
   560
   560
   560
   559
   559
   559
   559
   558
   558
   558
   558
   557
   557
   557
   557
   556
   556
   556
   556
   555
   555
   555
   555
   555
   554
   554
   554
   554
   553
   553
   553
   553
   553
   552
   552
   552
   552
   552
   552
   551
   551
   551
   551
   551
   550
   550
   550
   550
   550
   550
   550
   549
   549
   549
   549
   549
   549
   548
   548
   548
   548
   548
   548
   548
   547
   547
   547
   547
   547
   547
   547
   546
   546
   546
   546
   546
   546
   546
   546
   545
   545
   545
   545
   545
   545
   545
   545
   544
   544
   544
   544
   544
   544
   544
   544
   543
   543
   543
   543
   543
   543
   543
   543
   542
   542
   542
   542
   541
   541
   541
   541
   541
   541
   540
   540
   540
   540
   540
   540
   539
   539
   539
   539
   539
   539
   539
   538
   538
   538
   538
   538
   538
   538
   538
   538
   538
   538
   538
   538
   538
   538
   538
   538
   538
   538
   538
   538
   538
   538
   538
   538
   538
   538
   538
   538
   538
   538
   538
   538
   538
   538
   538
   538
   538
   538
   538
   537
   537
   537
   537
   537
   537
   537
   537
   537
   537
   537
   537
   537
   537
   537
   537
   537
   537
   537
   537
   537
   537
   537
   537
   537
   537
   537
   537
   537
   537
   537
   537
     x
     x
     x
     x
     x
     x
     x
     x
     x
     x
     x
     x
     x
     x
     x
     x
     x
     x
     x
     x
     x
     x
     x
     x
     x
     x
     x
     x
     x
     x
     x
     x
     x
     x
     x
     x
     x
     x
     x
     x
     x
     x
     x
     x
     x
     x
     x
     x
     x
     x
     x
     x
     x
     x
     x
     x
     x
     x
     x
     x
     x
     x
     x
     x
     x
     x
     x
     x
     x
     x
     x
     x
     x
     x
     x
     x
     x
     x
     x
     x
     x
     x
     x
     x
     x
     x
     x
     x
     x
     x
     x
     x
     x
     x
     x
     x
     x
     x
     x
     x
     x
     x
     x
     x
     x
     x
     x
     x
     x
     x
     x
     x
     x
     x
     x
     x
     x
     x
     x
     x
     x
     x
     x
     x
     x
     x
     x
     x
     x
     x
     x
     x
     x
     x
     x
     x
     x
     x
     x
     x
     x
     x
     x
     x
     x
     x
     x
     x
     x
     x
     x
     x
     x
     x
     x
     x
     x
     x
     x
     x
     x
     x
     x
     x
     x
     x
     x
     x
     x
     x
     x
     x
     x
     x
     x
     x
     x
     x
     x
     x
     x
     x
     x
     x
     x
     x
     x
     x
     x
     x
     x
     x
     x
     x
     x
     x
     x
     x
     x
     x
     x
     x
     x
     x
     x
     x
     x
     x
     x
     x
     x
     x
     x
     x
     x
     x
     x
     x
     x
     x
     x
     x
     x
     x
     x
     x
     x
     x
     x
     x
     x
     x
     x
     x
     x
     x
     x
     x
     x
     x
     x
     x
     x
     x
     x
     x
     x
     x
     x
     x
     x
     x
     x
     x
     x
     x
     x
     x
     x
     x
     x
     x
     x
     x
     x
     x
     x
     x
     x
     x
     x
     x
     x
     x
     x
     x
     x
     x
     x
     x
     x
     x
     x
     x
     x
     x
     x
     x
     x
     x
     x
     x
     x
     x
     x
     x
     x
     x
     x
     x
     x
     x
     x
     x
     x
     x
     x
     x
     x
     x
     x
     x
     x
     x
     x
     x
     x
     x
     x
     x
     x
     x
     x
     x
     x
     x
     x
     x
     x
     x
     x
     x
     x
     x
     x
     x
     x
     x
     x
     x
     x
     x
     x
     x
     x
     x
     x
     x
     x
     x
     x
     x
     x
     x
     x
     x
     x
     x
     x
     x
     x
     x
     x
     x
     x
     x
     x
     x
     x
     x
     x
     x
     x
     x
     x
     x
     x
     x
     x
     x
     x
     x
     x
     x
     x
     x
     x
     x
     x
     x
     x
     x
     x
     x
     x
     x
     x
     x
     x
     x
     x
     x
     x
     x
     x
     x
     x
     x
     x
     x
     x
     x
     x
     x
     x
     x
     x
     x
     x
     x
     x
     x
     x
     x
     x
     x
     x
     x
     x
     x
     x
     x
     x
     x
     x
     x
     x
     x
     x
     x
     x
     x
     x
     x
     x
     x
     x
     x
     x
     x
     x
     x
     x
     x
     x
     x
     x
     x
     x
     x
     x
     x
     x
     x
     x
     x
     x
     x
     x
     x
     x
     x
     x
     x
     x
     x
     x
     x
     x
     x
     x
     x
     x
     x
     x
     x
     x
     x
     x
     x
     x
     x
     x
     x
     x
     x
     x
     x
     x
     x
     x
     x
     x
     x
     x
     x
     x
     x
     x
     x
     x
     x
     x
     x
     x
     x
     x
     x
     x
     x
     x
     x
     x
     x
     x
     x
     x
     x
     x
     x
     x
     x
     x
     x
     x
     x
     x
     x
     x
     x
     x
     x
     x
     x
     x
     x
     x
     x
     x
     x
     x
     x
     x
     x
     x
     x
     x
     x
     x
     x
     x
     x
     x
     x
     x
     x
     x
     x
     x
     x
     x
     x
     x
     x
     x
     x
     x
     x
     x
     x
     x
     x
     x
     x
     x
     x
     x
     x
     x
     x
     x
     x
     x
     x
     x
     x
     x
     x
     x
     x
     x
     x
     x
     x
     x
     x
     x
     x
     x
     x
     x
     x
     x
     x
     x
     x
     x
     x
     x
     x
     x
     x
     x
     x
     x
     x
     x
     x
     x
     x
     x
     x
     x
     x
     x
     x
     x
     x
     x
     x
     x
     x
     x
     x
     x
     x
     x
     x
     x
     x
     x
     x
     x
     x
     x
     x
     x
     x
     x
     x
     x
     x
     x
     x
     x
     x
     x
     x
     x
     x
     x
     x
     x
     x
     x
     x
     x
     x
     x
     x
     x
     x
     x
     x
     x
     x
     x
     x
     x
     x
     x
     x
     x
     x
     x
     x
     x
     x
     x
     x
     x
     x
     x
     x
     x
     x
     x
     x
     x
     x
     x
     x
     x
     x
     x
     x
     x
     x
     x
     x
     x
     x
     x
     x
     x
     x
     x
     x
     x
     x
     x
     x
     x
     x
     x
     x
     x
     x
     x
     x
     x
     x
     x
     x
     x
     x
     x
     x
     x
     x
     x
     x
     x
     x
     x
     x
     x
     x
     x
     x
     x
     x
     x
     x
     x
     x
     x
     x
     x
     x
     x
     x
     x
     x
     x
     x
     x
     x
     x
     x
     x
     x
     x
     x
     x
     x
     x
     x
     x
     x
     x
     x
     x
     x
     x
     x
     x
     x
     x
     x
     x
     x
     x
     x
     x
     x
     x
     x
     x
     x
     x
     x
     x
     x
     x
     x
     x
     x
     x
     x
     x
     x
     x
     x
     x
     x
     x
     x
     x
     x
     x
     x
     x
     x
     x
     x
     x
     x
     x
     x
     x
     x
     x
     x
     x
     x
     x
     x
     x
     x
     x
     x
     x
     x
     x
     x
     x
     x
     x
     x
     x
     x
     x
     x
     x
     x
     x
     x
     x
     x
     x
     x
     x
     x
     x
     x
     x
     x
     x
     x
     x
     x
     x
     x
     x
     x
     x
     x
     x
     x
     x
     x
     x
     x
     x
     x
     x
     x
     x
     x
     x
     x
     x
     x
     x
     x
     x
     x
     x
     x
     x
     x
     x
     x
     x
     x
     x
     x
     x
     x
     x
     x
     x
     x
     x
     x
     x
     x
     x
     x
     x
     x
     x
     x
     x
     x
     x
     x
     x
     x
     x
     x
     x
     x
     x
     x
     x
     x
     x
     x
     x
     x
     x
     x
     x
     x
     x
     x
     x
     x
     x
     x
     x
     x
     x
     x
     x
     x
     x
     x
     x
     x
     x
     x
     x
     x
     x
     x
     x
     x
     x
     x
     x
     x
     x
     x
     x
     x
     x
     x
     x
     x
     x
     x
     x
     x
     x
     x
     x
     x
     x
     x
     x
     x
     x
     x
     x
     x
     x
     x
     x
     x
     x
     x
     x
     x
     x
     x
     x
     x
     x
     x
     x
     x
     x
     x
     x
     x
     x
     x
     x
     x
     x
     x
     x
     x
     x
     x
     x
     x
     x
     x
     x
     x
     x
     x
     x
     x
     x
     x
     x
     x
     x
     x
     x
     x
     x
     x
     x
     x
     x
     x
     x
     x
     x
     x
     x
     x
     x
     x
     x
     x
     x
     x
     x
     x
     x
     x
     x
     x
     x
     x
     x
     x
     x
     x
     x
     x
     x
     x
     x
     x
     x
     x
     x
     x
     x
     x
     x
     x
     x
     x
     x
     x
     x
     x
     x
     x
     x
     x
     x
     x
     x
     x
     x
     x
     x
     x
     x
     x
     x
     x
     x
     x
     x
     x
     x
     x
     x
     x
     x
     x
     x
     x
     x
     x
     x
     x
     x
     x
     x
     x
     x
     x
     x
     x
     x
     x
     x
     x
     x
     x
     x
     x
     x
     x
     x
     x
     x
     x
     x
     x
     x
     x
     x
     x
     x
     x
     x
     x
     x
     x
     x
     x
     x
     x
     x
     x
     x
     x
     x
     x
     x
     x
     x
     x
     x
     x
     x
     x
     x
     x
     x
     x
     x
     x
     x
     x
     x
     x
     x
     x
     x
     x
     x
     x
     x
     x
     x
     x
     x
     x
     x
     x
     x
     x
     x
     x
     x
     x
     x
     x
     x
     x
     x
     x
     x
     x
     x
     x
     x
     x
     x
     x
     x
     x
     x
     x
     x
     x
     x
     x
     x
     x
     x
     x
     x
     x
     x
     x
     x
     x
     x
     x
     x
     x
     x
     x
     x
     x
     x
     x
     x
     x
     x
     x
     x
     x
     x
     x
     x
     x
     x
     x
     x
     x
     x
     x
     x
     x
     x
     x
     x
     x
     x
     x
     x
     x
     x
     x
     x
     x
     x
     x
     x
     x
     x
     x
     x
     x
     x
     x
     x
     x
     x
     x
     x
     x
     x
     x
     x
     x
     x
     x
     x
     x
     x
     x
     x
     x
     x
     x
     x
     x
     x
     x
     x
     x
     x
     x
     x
     x
     x
     x
     x
     x
     x
     x
     x
     x
     x
     x
     x
     x
     x
     x
     x
     x
     x
     x
     x
     x
     x
     x
     x
     x
     x
     x
     x
     x
     x
     x
     x
     x
     x
     x
     x
     x
     x
     x
     x
     x
     x
     x
     x
     x
     x
     x
     x
     x
     x
     x
     x
     x
     x
     x
     x
     x
     x
     x
     x
     x
     x
     x
     x
     x
     x
     x
     x
     x
     x
     x
     x
     x
     x
     x
     x
     x
     x
     x
     x
     x
     x
     x
     x
     x
     x
     x
     x
     x
     x
     x
     x
     x
     x
     x
     x
     x
     x
     x
     x
     x
     x
     x
     x
     x
     x
     x
     x
     x
     x
     x
     x
     x
     x
     x
     x
     x
     x
     x
     x
     x
     x
     x
     x
     x
     x
     x
     x
     x
     x
     x
     x
     x
     x
     x
     x
     x
     x
     x
     x
     x
     x
     x
     x
     x
     x
     x
     x
     x
     x
     x
     x
     x
     x
     x
     x
     x
     x
     x
     x
     x
     x
     x
     x
     x
     x
     x
     x
     x
     x
     x
     x
     x
     x
     x
     x
     x
     x
     x
     x
     x
     x
     x
     x
     x
     x
     x
     x
     x
     x
     x
     x
     x
     x
     x
     x
     x
     x
     x
     x
     x
     x
     x
     x
     x
     x
     x
     x
     x
     x
     x
     x
     x
     x
     x
     x
     x
     x
     x
     x
     x
     x
     x
     x
     x
     x
     x
     x
     x
     x
     x
     x
     x
     x
     x
     x
     x
     x
     x
     x
     x
     x
     x
     x
     x
     x
     x
     x
     x
     x
     x
     x
     x
     x
     x
     x
     x
     x
     x
     x
     x
     x
     x
     x
     x
     x
     x
     x
     x
     x
     x
     x
     x
     x
     x
     x
     x
     x
     x
     x
     x
     x
     x
     x
     x
     x
     x
     x
     x
     x
     x
     x
     x
     x
     x
     x
     x
     x
     x
     x
     x
     x
     x
     x
     x
     x
     x
     x
     x
     x
     x
     x
     x
     x
     x
     x
     x
     x
     x
     x
     x
     x
     x
     x
     x
     x
     x
     x
     x
     x
     x
     x
     x
     x
     x
     x
     x
     x
     x
     x
     x
     x
     x
     x
     x
     x
     x
     x
     x
     x
     x
     x
     x
     x
     x
     x
     x
     x
     x
     x
     x
     x
     x
     x
     x
     x
     x
     x
     x
     x
     x
     x
     x
     x
     x
     x
     x
     x
     x
     x
     x
     x
     x
     x
     x
     x
     x
     x
     x
     x
     x
     x
     x
     x
     x
     x
     x
     x
     x
     x
     x
     x
     x
     x
     x
     x
     x
     x
     x
     x
     x
     x
     x
     x
     x
     x
     x
     x
     x
     x
     x
     x
     x
     x
     x
     x
     x
     x
     x
     x
     x
     x
     x
     x
     x
     x
     x
     x
     x
     x
     x
     x
     x
     x
     x
     x
     x
     x
     x
     x
     x
     x
     x
     x
     x
     x
     x
     x
     x
     x
     x
     x
     x
     x
     x
     x
     x
     x
     x
     x
     x
     x
     x
     x
     x
     x
     x
     x
     x
     x
     x
     x
     x
     x
     x
     x
     x
     x
     x
     x
     x
     x
     x
     x
     x
     x
     x
     x
     x
     x
     x
     x
     x
     x
     x
     x
     x
     x
     x
     x
     x
     x
     x
     x
     x
     x
     x
     x
     x
     x
     x
     x
     x
     x
     x
     x
     x
     x
     x
     x
     x
     x
     x
     x
     x
     x
     x
     x
     x
     x
     x
     x
     x
     x
     x
     x
     x
     x
     x
     x
     x
     x
     x
     x
     x
     x
     x
     x
     x
     x
     x
     x
     x
     x
     x
     x
     x
     x
     x
     x
     x
     x
     x
     x
     x
     x
     x
     x
     x
     x
     x
     x
     x
     x
     x
     x
     x
     x
     x
     x
     x
     x
     x
     x
     x
     x
     x
     x
     x
     x
     x
     x
     x
     x
     x
     x
     x
     x
     x
     x
     x
     x
     x
     x
     x
     x
     x
     x
     x
     x
     x
     x
     x
     x
     x
     x
     x
     x
     x
     x
     x
     x
     x
     x
     x
     x
     x
     x
     x
     x
     x
     x
     x
     x
     x
     x
     x
     x
     x
     x
     x
     x
     x
     x
     x
     x
     x
     x
     x
     x
     x
     x
     x
     x
     x
     x
     x
     x
     x
     x
     x
     x
     x
     x
     x
     x
     x
     x
     x
     x
     x
     x
     x
     x
     x
     x
     x
     x
     x
     x
     x
     x
     x
     x
     x
     x
     x
     x
     x
     x
     x
     x
     x
     x
     x
     x
     x
     x
     x
     x
     x
     x
     x
     x
     x
     x
     x
     x
     x
     x
     x
     x
     x
     x
     x
     x
     x
     x
     x
     x
     x
     x
     x
     x
     x
     x
     x
     x
     x
     x
     x
     x
     x
     x
     x
     x
     x
     x
     x
     x
     x
     x
     x
     x
     x
     x
     x
     x
     x
     x
     x
     x
     x
     x
     x
     x
     x
     x
     x
     x
     x
     x
     x
     x
     x
     x
     x
     x
     x
     x
     x
     x
     x
     x
     x
     x
     x
     x
     x
     x
     x
     x
     x
     x
     x
     x
     x
     x
     x
     x
     x
     x
     x
     x
     x
     x
     x
     x
     x
     x
     x
     x
     x
     x
     x
     x
     x
     x
     x
     x
     x
     x
     x
     x
     x
     x
     x
     x
     x
     x
     x
     x
     x
     x
     x
     x
     x
     x
     x
     x
     x
     x
     x
     x
     x
     x
     x
     x
     x
     x
     x
     x
     x
     x
     x
     x
     x
     x
     x
     x
     x
     x
     x
     x
     x
     x
     x
     x
     x
     x
     x
     x
     x
     x
     x
     x
     x
     x
     x
     x
     x
     x
     x
     x
     x
     x
     x
     x
     x
     x
     x
     x
     x
     x
     x
     x
     x
     x
     x
     x
     x
     x
     x
     x
     x
     x
     x
     x
     x
     x
     x
     x
     x
     x
     x
     x
     x
     x
     x
     x
     x
     x
     x
     x
     x
     x
     x
     x
     x
     x
     x
     x
     x
     x
     x
     x
     x
     x
     x
     x
     x
     x
     x
     x
     x
     x
     x
     x
     x
     x
     x
     x
     x
     x
     x
     x
     x
     x
     x
     x
     x
     x
     x
     x
     x
     x
     x
     x
     x
     x
     x
     x
     x
     x
     x
     x
     x
     x
     x
     x
     x
     x
     x
     x
     x
     x
     x
     x
     x
     x
     x
     x
     x
     x
     x
     x
     x
     x
     x
     x
     x
     x
     x
     x
     x
     x
     x
     x
     x
     x
     x
     x
     x
     x
     x
     x
     x
     x
     x
     x
     x
     x
     x
     x
     x
     x
     x
     x
     x
     x
     x
     x
     x
     x
     x
     x
     x
     x
     x
     x
     x
     x
     x
     x
     x
     x
     x
     x
     x
     x
     x
     x
     x
     x
     x
     x
     x
     x
     x
     x
     x
     x
     x
     x
     x
     x
     x
     x
     x
     x
     x
     x
     x
     x
     x
     x
     x
     x
     x
     x
     x
     x
     x
     x
     x
     x
     x
     x
     x
     x
     x
     x
     x
     x
     x
     x
     x
     x
     x
     x
     x
     x
     x
     x
     x
     x
     x
     x
     x
     x
     x
     x
     x
     x
     x
     x
     x
     x
     x
     x
     x
     x
     x
     x
     x
     x
     x
     x
     x
     x
     x
     x
     x
     x
     x
     x
     x
     x
     x
     x
     x
     x
     x
     x
     x
     x
     x
     x
     x
     x
     x
     x
     x
     x
     x
     x
     x
     x
     x
     x
     x
     x
     x
     x
     x
     x
     x
     x
     x
     x
     x
     x
     x
     x
     x
     x
     x
     x
     x
     x
     x
     x
     x
     x
     x
     x
     x
     x
     x
     x
     x
     x
     x
     x
     x
     x
     x
     x
     x
     x
     x
     x
     x
     x
     x
     x
     x
     x
     x
     x
     x
     x
     x
     x
     x
     x
     x
     x
     x
     x
     x
     x
     x
     x
     x
     x
     x
     x
     x
     x
     x
     x
     x
     x
     x
     x
     x
     x
     x
     x
     x
     x
     x
     x
     x
     x
     x
     x
     x
     x
     x
     x
     x
     x
     x
     x
     x
     x
     x
     x
     x
     x
     x
     x
     x
     x
     x
     x
     x
     x
     x
     x
     x
     x
     x
     x
     x
     x
     x
     x
     x
     x
     x
     x
     x
     x
     x
     x
     x
     x
     x
     x
     x
     x
     x
     x
     x
     x
     x
     x
     x
     x
     x
     x
     x
     x
     x
     x
     x
     x
     x
     x
     x
     x
     x
     x
     x
     x
     x
     x
     x
     x
     x
     x
     x
     x
     x
     x
     x
     x
     x
     x
     x
     x
     x
     x
     x
     x
     x
     x
     x
     x
     x
     x
     x
     x
     x
     x
     x
     x
     x
     x
     x
     x
     x
     x
     x
     x
     x
     x
     x
     x
     x
     x
     x
     x
     x
     x
     x
     x
     x
     x
     x
     x
     x
     x
     x
     x
     x
     x
     x
     x
     x
     x
     x
     x
     x
     x
     x
     x
     x
     x
     x
     x
     x
     x
     x
     x
     x
     x
     x
     x
     x
     x
     x
     x
     x
     x
     x
     x
     x
     x
     x
     x
     x
     x
     x
     x
     x
     x
     x
     x
     x
     x
     x
     x
     x
     x
     x
     x
     x
     x
     x
     x
     x
     x
     x
     x
     x
     x
     x
     x
     x
     x
     x
     x
     x
     x
     x
     x
     x
     x
     x
     x
     x
     x
     x
     x
     x
     x
     x
     x
     x
     x
     x
     x
     x
     x
     x
     x
     x
     x
     x
     x
     x
     x
     x
     x
     x
     x
     x
     x
     x
     x
     x
     x
     x
     x
     x
     x
     x
     x
     x
     x
     x
     x
     x
     x
     x
     x
     x
     x
     x
     x
     x
     x
     x
     x
     x
     x
     x
     x
     x
     x
     x
     x
     x
     x
     x
     x
     x
     x
     x
     x
     x
     x
     x
     x
     x
     x
     x
     x
     x
     x
     x
     x
     x
     x
     x
     x
     x
     x
     x
     x
     x
     x
     x
     x
     x
     x
     x
     x
     x
     x
     x
     x
     x
     x
     x
     x
     x
     x
     x
     x
     x
     x
     x
     x
     x
     x
     x
     x
     x
     x
     x
     x
     x
     x
     x
     x
     x
     x
     x
     x
     x
     x
     x
     x
     x
     x
     x
     x
     x
     x
     x
     x
     x
     x
     x
     x
     x
     x
     x
     x
     x
     x
     x
     x
     x
     x
     x
     x
     x
     x
     x
     x
     x
     x
     x
     x
     x
     x
     x
     x
     x
     x
     x
     x
     x
     x
     x
     x
     x
     x
     x
     x
     x
     x
     x
     x
     x
     x
     x
     x
     x
     x
     x
     x
     x
     x
     x
     x
     x
     x
     x
     x
     x
     x
     x
     x
     x
     x
     x
     x
     x
     x
     x
     x
     x
     x
     x
     x
     x
     x
     x
     x
     x
     x
     x
     x
     x
     x
     x
     x
     x
     x
     x
     x
     x
     x
     x
     x
     x
     x
     x
     x
     x
     x
     x
     x
     x
     x
     x
     x
     x
     x
     x
     x
     x
     x
     x
     x
     x
     x
     x
     x
     x
     x
     x
     x
     x
     x
     x
     x
     x
     x
     x
     x
     x
     x
     x
     x
     x
     x
     x
     x
     x
     x
     x
     x
     x
     x
     x
     x
     x
     x
     x
     x
     x
     x
     x
     x
     x
     x
     x
     x
     x
     x
     x
     x
     x
     x
     x
     x
     x
     x
     x
     x
     x
     x
     x
     x
     x
     x
     x
     x
     x
     x
     x
     x
     x
     x
     x
     x
     x
     x
     x
     x
     x
     x
     x
     x
     x
     x
     x
     x
     x
     x
     x
     x
     x
     x
     x
     x
     x
     x
     x
     x
     x
     x
     x
     x
     x
     x
     x
     x
     x
     x
     x
     x
     x
     x
     x
     x
     x
     x
     x
     x
     x
     x
     x
     x
     x
     x
     x
     x
     x
     x
     x
     x
     x
     x
     x
     x
     x
     x
     x
     x
     x
     x
     x
     x
     x
     x
     x
     x
     x
     x
     x
     x
     x
     x
     x
     x
     x
     x
     x
     x
     x
     x
     x
     x
     x
     x
     x
     x
     x
     x
     x
     x
     x
     x
     x
     x
     x
     x
     x
     x
     x
     x
     x
     x
     x
     x
     x
     x
     x
     x
     x
     x
     x
     x
     x
     x
     x
     x
     x
     x
     x
     x
     x
     x
     x
     x
     x
     x
     x
     x
     x
     x
     x
     x
     x
     x
     x
     x
     x
     x
     x
     x
     x
     x
     x
     x
     x
     x
     x
     x
     x
     x
     x
     x
     x
     x
     x
     x
     x
     x
     x
     x
     x
     x
     x
     x
     x
     x
     x
     x
     x
     x
     x
     x
     x
     x
     x
     x
     x
     x
     x
     x
     x
     x
     x
     x
     x
     x
     x
     x
     x
     x
     x
     x
     x
     x
     x
     x
     x
     x
     x
     x
     x
     x
     x
     x
     x
     x
     x
     x
     x
     x
     x
     x
     x
     x
     x
     x
     x
     x
     x
     x
     x
     x
     x
     x
     x
     x
     x
     x
     x
     x
     x
     x
     x
     x
     x
     x
     x
     x
     x
     x
     x
     x
     x
     x
     x
     x
     x
     x
     x
     x
     x
     x
     x
     x
     x
     x
     x
     x
     x
     x
     x
     x
     x
     x
     x
     x
     x
     x
     x
     x
     x
     x
     x
     x
     x
     x
     x
     x
     x
     x
     x
     x
     x
     x
     x
     x
     x
     x
     x
     x
     x
     x
     x
     x
     x
     x
     x
     x
     x
     x
     x
     x
     x
     x
     x
     x
     x
     x
     x
     x
     x
     x
     x
     x
     x
     x
     x
     x
     x
     x
     x
     x
     x
     x
     x
     x
     x
     x
     x
     x
     x
     x
     x
     x
     x
     x
     x
     x
     x
     x
     x
     x
     x
     x
     x
     x
     x
     x
     x
     x
     x
     x
     x
     x
     x
     x
     x
     x
     x
     x
     x
     x
     x
     x
     x
     x
     x
     x
     x
     x
     x
     x
     x
     x
     x
     x
     x
     x
     x
     x
     x
     x
     x
     x
     x
     x
     x
     x
     x
     x
     x
     x
     x
     x
     x
     x
     x
     x
     x
     x
     x
     x
     x
     x
     x
     x
     x
     x
     x
     x
     x
     x
     x
     x
     x
     x
     x
     x
     x
     x
     x
     x
     x
     x
     x
     x
     x
     x
     x
     x
     x
     x
     x
     x
     x
     x
     x
     x
     x
     x
     x
     x
     x
     x
     x
     x
     x
     x
     x
     x
     x
     x
     x
     x
     x
     x
     x
     x
     x
     x
     x
     x
     x
     x
     x
     x
     x
     x
     x
     x
     x
     x
     x
     x
     x
     x
     x
     x
     x
     x
     x
     x
     x
     x
     x
     x
     x
     x
     x
     x
     x
     x
     x
     x
     x
     x
     x
     x
     x
     x
     x
     x
     x
     x
     x
     x
     x
     x
     x
     x
     x
     x
     x
     x
     x
     x
     x
     x
     x
     x
     x
     x
     x
     x
     x
     x
     x
     x
     x
     x
     x
     x
     x
     x
     x
     x
     x
     x
     x
     x
     x
     x
     x
     x
     x
     x
     x
     x
     x
     x
     x
     x
     x
     x
     x
     x
     x
     x
     x
     x
     x
     x
     x
     x
     x
     x
     x
     x
     x
     x
     x
     x
     x
     x
     x
     x
     x
     x
     x
     x
     x
     x
     x
     x
     x
     x
     x
     x
     x
     x
     x
     x
     x
     x
     x
     x
     x
     x
     x
     x
     x
     x
     x
     x
     x
     x
     x
     x
     x
     x
     x
     x
     x
     x
     x
     x
     x
     x
     x
     x
     x
     x
     x
     x
     x
     x
     x
     x
     x
     x
     x
     x
     x
     x
     x
     x
     x
     x
     x
     x
     x
     x
     x
     x
     x
     x
     x
     x
     x
     x
     x
     x
     x
     x
     x
     x
     x
     x
     x
     x
     x
     x
     x
     x
     x
     x
     x
     x
     x
     x
     x
     x
     x
     x
     x
     x
     x
     x
     x
     x
     x
     x
     x
     x
     x
     x
     x
     x
     x
     x
     x
     x
     x
     x
     x
     x
     x
     x
     x
     x
     x
     x
     x
     x
     x
     x
     x
     x
     x
     x
     x
     x
     x
     x
     x
     x
     x
     x
     x
     x
     x
     x
     x
     x
     x
     x
     x
     x
     x
     x
     x
     x
     x
     x
     x
     x
     x
     x
     x
     x
     x
     x
     x
     x
     x
     x
     x
     x
     x
     x
     x
     x
     x
     x
     x
     x
     x
     x
     x
     x
     x
     x
     x
     x
     x
     x
     x
     x
     x
     x
     x
     x
     x
     x
     x
     x
     x
     x
     x
     x
     x
     x
     x
     x
     x
     x
     x
     x
     x
     x
     x
     x
     x
     x
     x
     x
     x
     x
     x
     x
     x
     x
     x
     x
     x
     x
     x
     x
     x
     x
     x
     x
     x
     x
     x
     x
     x
     x
     x
     x
     x
     x
     x
     x
     x
     x
     x
     x
     x
     x
     x
     x
     x
     x
     x
     x
     x
     x
     x
     x
     x
     x
     x
     x
     x
     x
     x
     x
     x
     x
     x
     x
     x
     x
     x
     x
     x
     x
     x
     x
     x
     x
     x
     x
     x
     x
     x
     x
     x
     x
     x
     x
     x
     x
     x
     x
     x
     x
     x
     x
     x
     x
     x
     x
     x
     x
     x
     x
     x
     x
     x
     x
     x
     x
     x
     x
     x
     x
     x
     x
     x
     x
     x
     x
     x
     x
     x
     x
     x
     x
     x
     x
     x
     x
     x
     x
     x
     x
     x
     x
     x
     x
     x
     x
     x
     x
     x
     x
     x
     x
     x
     x
     x
     x
     x
     x
     x
     x
     x
     x
     x
     x
     x
     x
     x
     x
     x
     x
     x
     x
     x
     x
     x
     x
     x
     x
     x
     x
     x
     x
     x
     x
     x
     x
     x
     x
     x
     x
     x
     x
     x
     x
     x
     x
     x
