// memory data file (do not edit the following line - required for mem load use)
// instance=/AIP_scopeNoMPU_tb/ID00001011/SCOPENOMPU_CORE/SCOPENOMPU_DP/MAPPERCORE/SCOPEMAPPER_DP/dataAverage
// format=mti addressradix=d dataradix=u version=1.0 wordsperline=1 noaddress
  0
  0
  0
  0
  0
  0
  0
  0
  0
  0
  0
  0
  0
  0
  0
  0
  0
  0
  0
  0
  0
  0
  0
  0
  0
  0
  0
  0
  0
  0
  0
  0
  0
  0
  0
  0
  0
  0
  0
  0
  0
  0
  0
  0
  0
  0
  0
  0
  0
  0
  0
  0
  0
  0
  0
  0
  0
  0
  0
  0
  0
  0
  0
  0
  2
  2
  2
  2
  2
  2
  2
  2
  2
  4
  4
  4
  4
  4
  6
  6
  6
  8
  8
 11
 13
 13
 15
 20
 15
 20
 37
 84
127
160
191
205
198
133
 84
 53
 42
 35
 28
 24
 22
 20
 17
 15
 15
 13
 13
 11
 11
 11
  8
  8
  8
  8
  8
  8
  6
  6
  6
  6
  6
  6
  6
  6
  6
  6
  6
  4
  4
  4
  4
  4
  4
  4
  4
  4
  4
  4
  4
  4
  4
  4
  4
  4
  4
  4
  4
  4
  4
  4
  4
  4
  4
  4
  4
  4
  4
  4
  4
  2
  2
  2
  2
  2
  2
  2
  2
  2
  2
  2
  2
  2
  2
  2
  2
  2
  2
  2
  2
  2
  2
  2
  2
  2
  2
  2
  2
  2
  2
  2
  2
  2
  2
  2
  2
  2
  2
  2
  2
  2
  2
  2
  2
  2
  2
  2
  4
  4
  4
  4
  4
  4
  4
  4
  4
  4
  4
  4
  4
  4
  4
  4
  4
  2
  2
  2
  4
  4
  4
  4
  4
  4
  4
  4
  4
  4
  4
  4
  4
  4
  4
  6
  6
  6
  6
  6
  6
  6
  6
  6
  8
  8
  8
  8
  8
 11
 11
 11
 13
 13
 15
 15
 17
 17
 20
 22
 26
 26
 26
 42
 93
151
189
196
189
169
122
 77
 46
 33
 26
 22
 17
 15
 13
 11
 11
  8
  8
  6
  6
  6
  4
  4
  4
  4
  2
  2
  2
  2
  2
  2
  2
  2
  2
  2
  2
  2
  0
  0
  0
  0
  0
  0
  0
  0
  0
  0
  0
  0
  0
  0
  0
  0
  0
  0
  0
  0
  0
  0
  0
  0
  0
  0
  0
  0
  0
  0
  0
  0
  0
  0
  0
  0
  0
  0
  0
  0
  0
  0
  0
  0
  0
  0
  0
  0
  0
  0
  0
  0
  0
  0
  0
  0
  0
  0
  0
  0
