00000000
00000000
00000000
00000000
00000000
00000000
00000000
00000000
00000000
00000000
00000000
00000000
9FC00000
00007EFF
00000000
00000000
00000000
00000000
C0000000
00000007
00000000
00000000
00000000
C0000000
007EFF9F
FEFF9FC0
00000000
00000000
00000000
00000000
00000000
000FE000
00000000
00000000
00000000
00000000
FF9FC000
070000FE
0001C003
00000000
00000000
00000000
00000000
30000000
00000018
00000000
00000000
00000000
00000000
01C00307
80060700
00000001
00000000
00000000
00000000
00000000
00183000
00000000
00000000
00000000
00000000
06070000
07000180
0001800C
00000000
00000000
00000000
00000000
30000000
00000018
00000000
00000000
00000000
00000000
01800C07
C018071F
00000001
00000000
00000000
00000000
00000000
00183000
00000000
00000000
00000000
00000000
18070000
071F01C0
0000FE30
00000000
00000000
00000000
00000000
30000000
00000018
00000000
00000000
00000000
00000000
00FE3007
3E60071F
00000000
00000000
00000000
00000000
00000000
00183000
00000000
00000000
00000000
00000000
60070000
0700003E
00000E60
00000000
00000000
00000000
00000000
30000000
00000018
00000000
00000000
00000000
00000000
000E6007
0E618700
00000000
00000000
00000000
00000000
00000000
00183000
00000000
00000000
00000000
00000000
61870000
8700000E
00000E61
00000000
00000000
00000000
00000000
30000000
00000018
00000000
00000000
00000000
00000000
000E6187
FE7F8780
00000001
00000000
00000000
00000000
00000000
000FE000
00000000
00000000
00000000
00000000
7F878000
07C001FE
0001FE3F
00000000
00000000
00000000
00000000
C0000000
00000007
00000000
00000000
00000000
C0000000
0DFE3F07
00000000
00000000
00000000
00000000
00000000
00000000
00000000
00000000
00000000
00000000
00000000
00000000
00001800
0000001C
00000000
00000000
00000000
00000000
80000000
00000003
00000000
00000000
00000000
00000000
30E00000
001C0000
00000000
00000000
00000000
00000000
00000000
00038000
00000000
00000000
00000000
00000000
00000000
000060E0
0000001C
00000000
00000000
00000000
00000000
80000000
00000003
00000000
00000000
00000000
00000000
C0E00000
FFFF8000
FFFFFFFF
FFFFFFFF
FFFFFFFF
FFFFFFFF
FFFFFFFF
FFFFFFFF
FFFFFFFF
FFFFFFFF
FFFFFFFF
FFFFFFFF
FFFFFFFF
8000FFFF
FFFFFFFF
FFFFFFFF
FFFFFFFF
FFFFFFFF
FFFFFFFF
FFFFFFFF
FFFFFFFF
FFFFFFFF
FFFFFFFF
FFFFFFFF
FFFFFFFF
FFFFFFFF