00000000
00000000
00000000
00000000
00000000
00000000
00000000
00000000
00000000
00000000
00000000
00000000
1F800000
0001F07C
00000000
DFF00000
00003E0F
00000000
C0000000
00000007
00000000
07EFF800
0000001F
E0000000
007C1F07
F8FE3F80
00000003
00000000
7F1FDFF0
00000000
00000000
000FE000
00000000
F8000000
003F8FEF
00000000
3F8FE000
700000FE
00060D83
00000000
00600000
0000C1B8
00000000
30000000
00000018
00000000
DC003000
00000060
00000000
018360DC
0D836000
00000006
00000000
C1B000C0
00000000
00000000
00183000
00000000
60000000
0060D800
00000000
60D80000
60000183
00060D83
00000000
01800000
0000C1B0
00000000
30000000
00000018
00000000
D800C000
00000060
00000000
018360D8
0D83701F
00000006
F0000000
C1B80301
00000000
00000000
00183000
00000000
80000000
0060DC01
00000000
60DC0000
3F9F0183
00060D83
00000000
C601F000
0000C19F
00000000
30000000
00000018
00000000
CFE30000
00000060
E0000000
018360CF
0D830F9F
00000006
F0000000
C187CC01
00000000
00000000
00183000
00000000
00000000
0060C3E6
00000000
60C3E000
03800183
00060D83
00000000
CC000000
0000C181
00000000
30000000
00000018
00000000
C0E60000
00000060
E0000000
018360C0
0D830380
00000006
00000000
C181CC30
00000000
00000000
00183000
00000000
18000000
0060C0E6
00000000
60C0E000
03800183
00060D83
00000000
CC300000
0000C181
00000000
30000000
00000018
00000000
C0E61800
00000060
E0000000
018360C0
F8FE7F80
00000003
00000000
7F3FCFF0
00000000
00000000
000FE000
00000000
F8000000
003F9FE7
00000000
3F9FE000
7F8000FE
0001F07C
00000000
C7E00000
00003E3F
00000000
C0000000
00000007
00000000
1FE3F000
0000001F
E0000000
0C7C1F1F
00000000
00000000
00000000
00000000
00000000
00000000
00000000
00000000
00000000
00000000
00000000
00000000
00001800
0000001C
00000000
80000000
00000003
00000000
80000000
00000003
00000000
07000000
00000000
00000000
30E00000
001C0000
00000000
00000000
00038000
00000000
00000000
00038000
00000000
00000000
00000700
00000000
00000000
000060E0
0000001C
00000000
80000000
00000003
00000000
80000000
00000003
00000000
07000000
00000000
00000000
C0E00000
FFFF8000
FFFFFFFF
FFFFFFFF
FFFFFFFF
FFFFFFFF
FFFFFFFF
FFFFFFFF
FFFFFFFF
FFFFFFFF
FFFFFFFF
FFFFFFFF
FFFFFFFF
8000FFFF
FFFFFFFF
FFFFFFFF
FFFFFFFF
FFFFFFFF
FFFFFFFF
FFFFFFFF
FFFFFFFF
FFFFFFFF
FFFFFFFF
FFFFFFFF
FFFFFFFF
FFFFFFFF
000F8F80
00000000
00000008
00040000
00000000
00000001
00010000
20000000
00000000
00000400
01000000
00000000
1FC0C040
0000000C
00000000
00000000
00000000
00000000
00000000
00000000
00000000
00000000
00000000
00000000
60000000
000C3060
00000000
00000008
00040000
00000000
00000001
00010000
20000000
00000000
00000400
01000000
00000000
30603040
0000000C
00000000
00000000
00000000
00000000
00000000
00000000
00000000
00000000
00000000
00000000
18000000
000C3060
00000000
00000008
00040000
00000000
00000001
00010000
20000000
00000000
00000400
01000000
00000000
30600C40
0000000C
00000000
00000000
00000000
00000000
00000000
00000000
00000000
00000000
00000000
00000000
00000000
000C3060
00000000
00000008
00040000
00000000
00000001
00010000
20000000
00000000
00000400
01000000
00000000
30600040
0000000C
00000000
00000000
00000000
00000000
00000000
00000000
00000000
00000000
00000000
00000000
00000000
000C3060
00000000
00000008
00040000
00000000
00000001
00010000
20000000
00000000
00000400
01000000
00000000
30600040
0000000C
00000000
00000000
00000000
00000000
00000000
00000000
00000000
00000000
00000000
00000000
00000000
000C3060
00000000
00000008
00040000
00000000
00000001
00010000
20000000
00000000
00000400
01000000
00000000
1FC00040
0000000C
00000000
00000000
00000000
00000000
00000000
00000000
00000000
00000000
00000000
00000000
00000000
000C0F80
00000000
00000008
00040000
00000000
00000001
00010000
20000000
00000000
00000400
01000000
00000000
00000040
0000000C
00000000
00000000
00000000
00000000
00000000
00000000
00000000
00000000
00000000
00000000
00000000
000C0000
00000000
00000008
00040000
00000000
00000001
00010000
20000000
00000000
00000400
01000000
00000000
00000040
0000000C
00000000
00000000
00000000
00000000
00000000
00000000
00000000
00000000
00000000
00000000
00000000
000C0000
00000000
00000008
00040000
00000000
00000001
00010000
20000000
00000000
00000400
01000000
00000000
00000040
0000000C
00000000
00000000
00000000
00000000
00000000
00000000
00000000
00000000
00000000
00000000
00000000
000C0000
00000000
00000008
00040000
00000000
00000001
00010000
20000000
00000000
00000400
01000000
00000000
00000040
0000000C
00000000
00000000
00000000
00000000
00000000
00000000
00000000
00000000
00000000
00000000
00000000
000C0000
00000000
00000008
00040000
00000000
00000001
00010000
20000000
00000000
00000400
01000000
00000000
00000040
0000000C
00000000
00000000
00000000
00000000
00000000
00000000
00000000
00000000
00000000
00000000
00000000
000C0000
00000000
00000008
00040000
00000000
00000001
00010000
20000000
00000000
00000400
01000000
00000000
00000040
0000000C
00000000
00000000
00000000
00000000
00000000
00000000
00000000
00000000
00000000
00000000
00000000
000C0000
00000000
00000008
00040000
00000000
00000001
00010000
20000000
00000000
00000400
01000000
00000000
00000040
0000000C
00000000
00000000
00000000
00000000
00000000
00000000
00000000
00000000
00000000
00000000
00000000
000C0000
00000000
00000008
00040000
00000000
00000001
00010000
20000000
00000000
00000400
01000000
00000000
00000040
0000000C
00000000
00000000
00000000
00000000
00000000
00000000
00000000
00000000
00000000
00000000
00000000
000C0000
00000000
00000008
00040000
00000000
00000001
00010000
20000000
00000000
00000400
01000000
00000000
00000040
0000000C
00000000
00000000
00000000
00000000
00000000
00000000
00000000
00000000
00000000
00000000
00000000
000C0000
00000000
00000008
00040000
00000000
00000001
00010000
20000000
00000000
00000400
01000000
00000000
00000040
0000000C
00000000
00000000
00000000
00000000
00000000
00000000
00000000
00000000
00000000
00000000
00000000
000C0000
00000000
00000008
00040000
00000000
00000001
00010000
20000000
00000000
00000400
01000000
00000000
00000040
0000000C
00000000
00000000
00000000
00000000
00000000
00000000
00000000
00000000
00000000
00000000
00000000
000C0000
00000000
00000008
00040000
00000000
00000001
00010000
20000000
00000000
00000400
01000000
00000000
00000040
0000000C
00000000
00000000
00000000
00000000
00000000
00000000
00000000
00000000
00000000
00000000
00000000
000C0000
00000000
00000008
00040000
00000000
00000001
00010000
20000000
00000000
00000400
01000000
00000000
00000040
0000000C
00000000
00000000
00000000
00000000
00000000
00000000
00000000
00000000
00000000
00000000
00000000
000C0000
00000000
00000008
00040000
00000000
00000001
00010000
20000000
00000000
00000400
01000000
00000000
00000040
0000000C
00000000
00000000
00000000
00000000
00000000
00000000
00000000
00000000
00000000
00000000
00000000
000C0000
00000000
00000008
00040000
00000000
00000001
00010000
20000000
00000000
00000400
01000000
00000000
00000040
0000000C
00000000
00000000
00000000
00000000
00000000
00000000
00000000
00000000
00000000
00000000
00000000
000C0000
00000000
00000008
00040000
00000000
00000001
00010000
20000000
00000000
00000400
01000000
00000000
00000040
0000000C
00000000
00000000
00000000
00000000
00000000
00000000
00000000
00000000
00000000
00000000
00000000
000C0000
00000000
00000008
00040000
00000000
00000001
00010000
20000000
00000000
00000400
01000000
00000000
00000040
0000000C
00000000
00000000
00000000
00000000
00000000
00000000
00000000
00000000
00000000
00000000
00000000
000C0000
00000000
00000008
00040000
00000000
00000001
00010000
20000000
00000000
00000400
01000000
00000000
00000040
0000000C
00000000
00000000
00000000
00000000
00000000
00000000
00000000
00000000
00000000
00000000
00000000
000C0000
00000000
00000008
00040000
00000000
00000001
00010000
20000000
00000000
00000400
01000000
00000000
00000040
0000000C
00000000
00000000
00000000
00000000
00000000
00000000
00000000
00000000
00000000
00000000
00000000
000C0000
00000000
00000008
00040000
00000000
00000001
00010000
20000000
00000000
00000400
01000000
00000000
00000040
5555555C
55555555
55555555
55555555
55555555
55555555
55555555
55555555
55555555
55555555
55555555
00155555
000C0000
00000000
00000008
00040000
00000000
00000001
00010000
20000000
00000000
00000400
01000000
00000000
00000040
0000000C
00000000
00000000
00000000
00000000
00000000
00000000
00000000
00000000
00000000
00000000
00000000
000C0000
00000000
00000008
00040000
00000000
00000001
00010000
20000000
00000000
00000400
01000000
00000000
00000040
0000000C
00000000
00000000
00000000
00000000
00000000
00000000
00000000
00000000
00000000
00000000
00000000
000C0000
00000000
00000008
00040000
00000000
00000001
00010000
20000000
00000000
00000400
01000000
00000000
00000040
0000000C
00000000
00000000
00000000
00000000
00000000
00000000
00000000
00000000
00000000
00000000
00000000
000C0000
00000000
00000008
00040000
00000000
00000001
00010000
20000000
00000000
00000400
01000000
00000000
00000040
0000000C
00000000
00000000
00000000
00000000
00000000
00000000
00000000
00000000
00000000
00000000
00000000
000C0000
00000000
00000008
00040000
00000000
00000001
00010000
20000000
00000000
00000400
01000000
00000000
00000040
0000000C
00000000
00000000
00000000
00000000
00000000
00000000
00000000
00000000
00000000
00000000
00000000
000C0000
00000000
00000008
00040000
00000000
00000001
00010000
20000000
00000000
00000400
01000000
00000000
00000040
0000000C
00000000
00000000
00000000
00000000
00000000
00000000
00000000
00000000
00000000
00000000
00000000
000C0000
00000000
00000008
00040000
00000000
00000001
00010000
20000000
00000000
00000400
01000000
00000000
00000040
0000000C
00000000
00000000
00000000
00000000
00000000
00000000
00000000
00000000
00000000
00000000
00000000
000C0000
00000000
00000008
00040000
00000000
00000001
00010000
20000000
00000000
00000400
01000000
00000000
00000040
0000000C
00000000
00000000
00000000
00000000
00000000
00000000
00000000
00000000
00000000
00000000
00000000
000C0000
00000000
00000008
00040000
00000000
00000001
00010000
20000000
00000000
00000400
01000000
00000000
00000040
0000000C
00000000
00000000
00000000
00000000
00000000
00000000
00000000
00000000
00000000
00000000
00000000
000C0000
00000000
00000008
00040000
00000000
00000001
00010000
20000000
00000000
00000400
01000000
00000000
00000040
0000000C
00000000
00000000
00000000
00000000
00000000
00000000
00000000
00000000
00000000
00000000
00000000
000C0000
00000000
00000008
00040000
00000000
00000001
00010000
20000000
00000000
00000400
01000000
00000000
00000040
0000000C
00000000
00000000
00000000
00000000
00000000
00000000
00000000
00000000
00000000
00000000
00000000
000C0000
00000000
00000008
00040000
00000000
00000001
00010000
20000000
00000000
00000400
01000000
00000000
00000040
0000000C
00000000
00000000
00000000
00000000
00000000
00000000
00000000
00000000
00000000
00000000
00000000
000C0000
00000000
00000008
00040000
00000000
00000001
00010000
20000000
00000000
00000400
01000000
00000000
00000040
0000000C
00000000
00000000
00000000
00000000
00000000
00000000
00000000
00000000
00000000
00000000
00000000
000C0000
00000000
00000008
00040000
00000000
00000001
00010000
20000000
00000000
00000400
01000000
00000000
00000040
0000000C
00000000
00000000
00000000
00000000
00000000
00000000
00000000
00000000
00000000
00000000
00000000
000C0000
00000000
00000008
00040000
00000000
00000001
00010000
20000000
00000000
00000400
01000000
00000000
00000040
0000000C
00000000
00000000
00000000
00000000
00000000
00000000
00000000
00000000
00000000
00000000
00000000
000C0000
00000000
00000008
00040000
00000000
00000001
00010000
20000000
00000000
00000400
01000000
00000000
00000040
0000000C
00000000
00000000
00000000
00000000
00000000
00000000
00000000
00000000
00000000
00000000
00000000
000C0000
00000000
00000008
00040000
00000000
00000001
00010000
20000000
00000000
00000400
01000000
00000000
00000040
0000000C
00000000
00000000
00000000
00000000
00000000
00000000
00000000
00000000
00000000
00000000
00000000
000C0000
00000000
00000008
00040000
00000000
00000001
00010000
20000000
00000000
00000400
01000000
00000000
00000040
0000000C
00000000
00000000
00000000
00000000
00000000
00000000
00000000
00000000
00000000
00000000
00000000
000C0000
00000000
00000008
00040000
00000000
00000001
00010000
20000000
00000000
00000400
01000000
00000000
00000040
0000000C
00000000
00000000
00000000
00000000
00000000
00000000
00000000
00000000
00000000
00000000
00000000
000C0000
00000000
00000008
00040000
00000000
00000001
00010000
20000000
00000000
00000400
01000000
00000000
00000040
0000000C
00000000
00000000
00000000
00000000
00000000
00000000
00000000
00000000
00000000
00000000
00000000
000C0000
00000000
00000008
00040000
00000000
00000001
00010000
20000000
00000000
00000400
01000000
00000000
00000040
0000000C
00000000
00000000
00000000
00000000
00000000
00000000
00000000
00000000
00000000
00000000
00000000
000C0000
00000000
00000008
00040000
00000000
00000001
00010000
20000000
00000000
00000400
01000000
00000000
00000040
0000000C
00000000
00000000
00000000
00000000
00000000
00000000
00000000
00000000
00000000
00000000
00000000
000C0000
00000000
00000008
00040000
00000000
00000001
00010000
20000000
00000000
00000400
01000000
00000000
00000040
0000000C
00000000
00000000
00000000
00000000
00000000
00000000
00000000
00000000
00000000
00000000
00000000
000C0000
00000000
00000008
00040000
00000000
00000001
00010000
20000000
00000000
00000400
01000000
00000000
00000040
0000000C
00000000
00000000
00000000
00000000
00000000
00000000
00000000
00000000
00000000
00000000
00000000
000C0FC4
00000000
00000008
00040000
00000000
00000001
00010000
20000000
00000000
00000400
01000000
00000000
9FCE0040
0000000F
00000000
00000000
00000000
00000000
00000000
00000000
00000000
00000000
00000000
00000000
00000000
555FB81F
55555555
5555555D
55555555
55555555
55555555
55555555
75555555
55555555
55555555
55555555
55555555
B00E0055
0000000F
00000000
00000000
00000000
00000000
00000000
00000000
00000000
00000000
00000000
00000000
00000000
000C3004
00000000
00000008
00040000
00000000
00000001
00010000
20000000
00000000
00000400
01000000
00000000
38000040
0000000C
00000000
00000000
00000000
00000000
00000000
00000000
00000000
00000000
00000000
00000000
00000000
000C1FC0
00000000
00000008
00040000
00000000
00000001
00010000
20000000
00000000
00000400
01000000
00000000
07C00040
0000000C
00000000
00000000
00000000
00000000
00000000
00000000
00000000
00000000
00000000
00000000
00000000
000C01C0
00000000
00000008
00040000
00000000
00000001
00010000
20000000
00000000
00000400
01000000
00000000
01C00040
0000000C
00000000
00000000
00000000
00000000
00000000
00000000
00000000
00000000
00000000
00000000
00000000
000C01C0
00000000
00000008
00040000
00000000
00000001
00010000
20000000
00000000
00000400
01000000
00000000
3FC00040
0000000C
00000000
00000000
00000000
00000000
00000000
00000000
00000000
00000000
00000000
00000000
00000000
000C3FC0
00000000
00000008
00040000
00000000
00000001
00010000
20000000
00000000
00000400
01000000
00000000
00000040
0000000C
00000000
00000000
00000000
00000000
00000000
00000000
00000000
00000000
00000000
00000000
00000000
000C0000
00000000
00000008
00040000
00000000
00000001
00010000
20000000
00000000
00000400
01000000
00000000
00000040
0000000C
00000000
00000000
00000000
00000000
00000000
00000000
00000000
00000000
00000000
00000000
00000000
000C0000
00000000
00000008
00040000
00000000
00000001
00010000
20000000
00000000
00000400
01000000
00000000
00000040
0000000C
00000000
00000000
00000000
00000000
00000000
00000000
00000000
00000000
00000000
00000000
00000000
000C0000
00000000
00000008
00040000
00000000
00000001
00010000
20000000
00000000
00000400
01000000
00000000
00000040
0000000C
00000000
00000000
00000000
00000000
00000000
00000000
00000000
00000000
00000000
00000000
00000000
000C0000
00000000
00000008
00040000
00000000
00000001
00010000
20000000
00000000
00000400
01000000
00000000
00000040
0000000C
00000000
00000000
00000000
00000000
00000000
00000000
00000000
00000000
00000000
00000000
00000000
000C0000
00000000
00000008
00040000
00000000
00000001
00010000
20000000
00000000
00000400
01000000
00000000
00000040
0000000C
00000000
00000000
00000000
00000000
00000000
00000000
00000000
00000000
00000000
00000000
00000000
000C0000
00000000
00000008
00040000
00000000
00000001
00010000
20000000
00000000
00000400
01000000
00000000
00000040
0000000C
00000000
00000000
00000000
00000000
00000000
00000000
00000000
00000000
00000000
00000000
00000000
000C0000
00000000
00000008
00040000
00000000
00000001
00010000
20000000
00000000
00000400
01000000
00000000
00000040
0000000C
00000000
00000000
00000000
00000000
00000000
00000000
00000000
00000000
00000000
00000000
00000000
000C0000
00000000
00000008
00040000
00000000
00000001
00010000
20000000
00000000
00000400
01000000
00000000
00000040
0000000C
00000000
00000000
00000000
00000000
00000000
00000000
00000000
00000000
00000000
00000000
00000000
000C0000
00000000
00000008
00040000
00000000
00000001
00010000
20000000
00000000
00000400
01000000
00000000
00000040
0000000C
00000000
00000000
00000000
00000000
00000000
00000000
00000000
00000000
00000000
00000000
00000000
000C0000
00000000
00000008
00040000
00000000
00000001
00010000
20000000
00000000
00000400
01000000
00000000
00000040
0000000C
00000000
00000000
00000000
00000000
00000000
00000000
00000000
00000000
00000000
00000000
00000000
000C0000
00000000
00000008
00040000
00000000
00000001
00010000
20000000
00000000
00000400
01000000
00000000
00000040
0000000C
00000000
00000000
00000000
00000000
00000000
00000000
00000000
00000000
00000000
00000000
00000000
000C0000
00000000
00000008
00040000
00000000
00000001
00010000
20000000
00000000
00000400
01000000
00000000
00000040
0000000C
00000000
00000000
00000000
00000000
00000000
00000000
00000000
00000000
00000000
00000000
00000000
000C0000
00000000
00000008
00040000
00000000
00000001
00010000
20000000
00000000
00000400
01000000
00000000
00000040
0000000C
00000000
00000000
00000000
00000000
00000000
00000000
00000000
00000000
00000000
00000000
00000000
000C0000
00000000
00000008
00040000
00000000
00000001
00010000
20000000
00000000
00000400
01000000
00000000
00000040
0000000C
00000000
00000000
00000000
00000000
00000000
00000000
00000000
00000000
00000000
00000000
00000000
000C0000
00000000
00000008
00040000
00000000
00000001
00010000
20000000
00000000
00000400
01000000
00000000
00000040
0000000C
00000000
00000000
00000000
00000000
00000000
00000000
00000000
00000000
00000000
00000000
00000000
000C0000
00000000
00000008
00040000
00000000
00000001
00010000
20000000
00000000
00000400
01000000
00000000
00000040
0000000C
00000000
00000000
00000000
00000000
00000000
00000000
00000000
00000000
00000000
00000000
00000000
000C0000
00000000
00000008
00040000
00000000
00000001
00010000
20000000
00000000
00000400
01000000
00000000
00000040
0000000C
00000000
00000000
00000000
00000000
00000000
00000000
00000000
00000000
00000000
00000000
00000000
000C0000
00000000
00000008
00040000
00000000
00000001
00010000
20000000
00000000
00000400
01000000
00000000
00000040
0000000C
00000000
00000000
00000000
00000000
00000000
00000000
00000000
00000000
00000000
00000000
00000000
000C0000
00000000
00000008
00040000
00000000
00000001
00010000
20000000
00000000
00000400
01000000
00000000
00000040
0000000C
00000000
00000000
00000000
00000000
00000000
00000000
00000000
00000000
00000000
00000000
00000000
000C0000
00000000
00000008
00040000
00000000
00000001
00010000
20000000
00000000
00000400
01000000
00000000
00000040
5555555C
55555555
55555555
55555555
55555555
55555555
55555555
55555555
55555555
55555555
55555555
00155555
000C0000
00000000
00000008
00040000
00000000
00000001
00010000
20000000
00000000
00000400
01000000
00000000
00000040
0000000C
00000000
00000000
00000000
00000000
00000000
00000000
00000000
00000000
00000000
00000000
00000000
000C0000
00000000
00000008
00040000
00000000
00000001
00010000
20000000
00000000
00000400
01000000
00000000
00000040
0000000C
00000000
00000000
00000000
00000000
00000000
00000000
00000000
00000000
00000000
00000000
00000000
000C0000
00000000
00000008
00040000
00000000
00000001
00010000
20000000
00000000
00000400
01000000
00000000
00000040
0000000C
00000000
00000000
00000000
00000000
00000000
00000000
00000000
00000000
00000000
00000000
00000000
000C0000
00000000
00000008
00040000
00000000
00000001
00010000
20000000
00000000
00000400
01000000
00000000
00000040
0000000C
00000000
00000000
00000000
00000000
00000000
00000000
00000000
00000000
00000000
00000000
00000000
000C0000
00000000
00000008
00040000
00000000
00000001
00010000
20000000
00000000
00000400
01000000
00000000
00000040
0000000C
00000000
00000000
00000000
00000000
00000000
00000000
00000000
00000000
00000000
00000000
00000000
000C0000
00000000
00000008
00040000
00000000
00000001
00010000
20000000
00000000
00000400
01000000
00000000
00000040
0000000C
00000000
00000000
00000000
00000000
00000000
00000000
00000000
00000000
00000000
00000000
00000000
000C0000
00000000
00000008
00040000
00000000
00000001
00010000
20000000
00000000
00000400
01000000
00000000
00000040
0000000C
00000000
00000000
00000000
00000000
00000000
00000000
00000000
00000000
00000000
00000000
00000000
000C0000
00000000
00000008
00040000
00000000
00000001
00010000
20000000
00000000
00000400
01000000
00000000
00000040
0000000C
00000000
00000000
00000000
00000000
00000000
00000000
00000000
00000000
00000000
00000000
00000000
000C0000
00000000
00000008
00040000
00000000
00000001
00010000
20000000
00000000
00000400
01000000
00000000
00000040
0000000C
00000000
00000000
00000000
00000000
00000000
00000000
00000000
00000000
00000000
00000000
00000000
000C0000
00000000
00000008
00040000
00000000
00000001
00010000
20000000
00000000
00000400
01000000
00000000
00000040
0000000C
00000000
00000000
00000000
00000000
00000000
00000000
00000000
00000000
00000000
00000000
00000000
000C0000
00000000
00000008
00040000
00000000
00000001
00010000
20000000
00000000
00000400
01000000
00000000
00000040
0000000C
00000000
00000000
00000000
00000000
00000000
00000000
00000000
00000000
00000000
00000000
00000000
000C0000
00000000
00000008
00040000
00000000
00000001
00010000
20000000
00000000
00000400
01000000
00000000
00000040
0000000C
00000000
00000000
00000000
00000000
00000000
00000000
00000000
00000000
00000000
00000000
00000000
000C0000
00000000
00000008
00040000
00000000
00000001
00010000
20000000
00000000
00000400
01000000
00000000
00000040
0000000C
00000000
00000000
00000000
00000000
00000000
00000000
00000000
00000000
00000000
00000000
00000000
000C0000
00000000
00000008
00040000
00000000
00000001
00010000
20000000
00000000
00000400
01000000
00000000
00000040
0000000C
00000000
00000000
00000000
00000000
00000000
00000000
00000000
00000000
00000000
00000000
00000000
000C0000
00000000
00000008
00040000
00000000
00000001
00010000
20000000
00000000
00000400
01000000
00000000
00000040
0000000C
00000000
00000000
00000000
00000000
00000000
00000000
00000000
00000000
00000000
00000000
00000000
000C0000
00000000
00000008
00040000
00000000
00000001
00010000
20000000
00000000
00000400
01000000
00000000
00000040
0000000C
00000000
00000000
00000000
00000000
00000000
00000000
00000000
00000000
00000000
00000000
00000000
000C0000
00000000
00000008
00040000
00000000
00000001
00010000
20000000
00000000
00000400
01000000
00000000
00000040
0000000C
00000000
00000000
00000000
00000000
00000000
00000000
00000000
00000000
00000000
00000000
00000000
000C0000
00000000
00000008
00040000
00000000
00000001
00010000
20000000
00000000
00000400
01000000
00000000
00000040
0000000C
00000000
00000000
00000000
00000000
00000000
00000000
00000000
00000000
00000000
00000000
00000000
000C0000
00000000
00000008
00040000
00000000
00000001
00010000
20000000
00000000
00000400
01000000
00000000
00000040
0000000C
00000000
00000000
00000000
00000000
00000000
00000000
00000000
00000000
00000000
00000000
00000000
000C0000
00000000
00000008
00040000
00000000
00000001
00010000
20000000
00000000
00000400
01000000
00000000
00000040
0000000C
00000000
00000000
00000000
00000000
00000000
00000000
00000000
00000000
00000000
00000000
00000000
000C0000
00000000
00000008
00040000
00000000
00000001
00010000
20000000
00000000
00000400
01000000
00000000
00000040
0000000C
00000000
00000000
00000000
00000000
00000000
00000000
00000000
00000000
00000000
00000000
00000000
000C0000
00000000
00000008
00040000
00000000
00000001
00010000
20000000
00000000
00000400
01000000
00000000
00000040
0000000C
00000000
00000000
00000000
00000000
00000000
00000000
00000000
00000000
00000000
00000000
00000000
000C0000
00000000
00000008
00040000
00000000
00000001
00010000
20000000
00000000
00000400
01000000
00000000
3F800040
0000000C
00000000
00000000
00000000
00000000
00000000
00000000
00000000
00000000
00000000
00000000
00000000
000C3F80
00000000
00000008
00040000
00000000
00000001
00010000
20000000
00000000
00000400
01000000
00000000
0E000040
0000000C
00000000
00000000
00000000
00000000
00000000
00000000
00000000
00000000
00000000
00000000
00000000
000C0E00
00000000
00000008
00040000
00000000
00000001
00010000
20000000
00000000
00000400
01000000
00000000
0E000040
0000000C
00000000
00000000
00000000
00000000
00000000
00000000
00000000
00000000
00000000
00000000
00000000
000F8E00
00000000
00000008
00040000
00000000
00000001
00010000
20000000
00000000
00000400
01000000
00000000
8E000040
5555555F
55555555
55555555
55555555
55555555
55555555
55555555
55555555
55555555
55555555
55555555
00155555
000F8E00
00000000
00000000
00000000
00000000
00000000
00000000
00000000
00000000
00000000
00000000
00000000
0E000000
0000000C
00000000
00000000
00000000
00000000
00000000
00000000
00000000
00000000
00000000
00000000
00000000
000C0E00
00000000
00000000
00000000
00000000
00000000
00000000
00000000
00000000
00000000
00000000
00000000
0E000000
0000000C
00000000
00000000
00000000
00000000
00000000
00000000
00000000
00000000
00000000
00000000
00000000
000C0F00
00000000
00000000
00000000
00000000
00000000
00000000
00000000
00000000
00000000
00000000
00000000
0F800000
0000000C
00000000
00000000
00000000
00000000
00000000
00000000
00000000
00000000
00000000
00000000
00000000
000C0000
00000000
00000000
00000000
00000000
00000000
00000000
00000000
00000000
00000000
00000000
00000000
00000000
0000000C
00000000
00000000
00000000
00000000
00000000
00000000
00000000
00000000
00000000
00000000
00000000
010C2000
00000000
00000000
00000000
00000000
00000000
00000000
00000000
00000000
00000000
00000000
00000000
60000000
0000018C
00000000
00000000
00000000
00000000
00000000
00000000
00000000
00000000
00000000
00000000
00000000
00CCC000
00000000
00000000
00000000
00000000
00000000
00000000
00000000
00000000
00000000
00000000
00000000
80000000
0000006D
00000000
00000000
00000000
00000000
00000000
00000000
00000000
00000000
00000000
00000000
00000000
003F0000
00000000
00000000
00000000
00000000
00000000
00000000
00000000
00000000
00000000
00000000
00000000
00000000
0000001E
00000000
00000000
00000000
00000000
00000000
00000000
00000000
00000000
00000000
00000000
00000000
