00000000
00000000
00000000
00000000
00000000
00000000
00000000
00000000
00000000
00000000
00000000
00000000
FF800000
07C1F07C
00000000
7C7F0000
0007C1F0
00000000
C0000000
00000007
00000000
F83E3F80
000003E0
FE000000
1F07C1F3
F8FEFF80
00000FE3
00000000
E3F8FE7F
0000000F
00000000
000FE000
00000000
3F800000
07F1FC7F
00000000
E3FBFE00
03003F8F
18360D83
00000000
831C0000
0018360D
00000000
30000000
00000018
00000000
06C18E00
00000C1B
0C000000
60D8360C
0D830600
00001836
00000000
360D831C
00000018
00000000
00183000
00000000
8E000000
0C1B06C1
00000000
360C1800
0C0060D8
18360D83
00000000
831C0000
0018360D
00000000
30000000
00000018
00000000
06C18E00
00000C1B
30000000
60D8360C
0D83181F
00001836
F0000000
360D831D
00000018
00000000
00183000
00000000
8E000000
0C1B06C1
00000000
360C6000
301F60D8
18360D83
00000000
831DF000
0018360D
00000000
30000000
00000018
00000000
06C18E00
00000C1B
C0000000
60D8360C
0D83601F
00001836
F0000000
360D831D
00000018
00000000
00183000
00000000
8E000000
0C1B06C1
00000000
360D8000
600060D8
18360D83
00000000
831C0000
0018360D
00000000
30000000
00000018
00000000
06C18E00
00000C1B
80000000
60D8360D
0D836180
00001836
00000000
360D831C
00000018
00000000
00183000
00000000
8E000000
0C1B06C1
00000000
360D8600
618060D8
18360D83
00000000
831C0000
0018360D
00000000
30000000
00000018
00000000
06C18E00
00000C1B
86000000
60D8360D
F8FE7F80
00000FE3
00000000
E3F8FE1E
0000000F
00000000
000FE000
00000000
0F000000
07F1FC7F
00000000
E3F9FE00
3F003F8F
07C1F07C
00000000
7C1F0000
0007C1F0
00000000
C0000000
00000007
00000000
F83E0F80
000003E0
FC000000
1F07C1F0
00000000
00000000
00000000
00000000
00000000
00000000
00000000
00000000
00000000
00000000
00000000
00000000
00001800
0000001C
00000000
80000000
00000003
00000000
80000000
00000003
00000000
07000000
00000000
00000000
30E00000
001C0000
00000000
00000000
00038000
00000000
00000000
00038000
00000000
00000000
00000700
00000000
00000000
000060E0
0000001C
00000000
80000000
00000003
00000000
80000000
00000003
00000000
07000000
00000000
00000000
C0E00000
FFFF8000
FFFFFFFF
FFFFFFFF
FFFFFFFF
FFFFFFFF
FFFFFFFF
FFFFFFFF
FFFFFFFF
FFFFFFFF
FFFFFFFF
FFFFFFFF
FFFFFFFF
8000FFFF
FFFFFFFF
FFFFFFFF
FFFFFFFF
FFFFFFFF
FFFFFFFF
FFFFFFFF
FFFFFFFF
FFFFFFFF
FFFFFFFF
FFFFFFFF
FFFFFFFF
FFFFFFFF
000F8F80
00000000
00000008
00040000
00000000
00000001
00010000
20000000
00000000
00000400
01000000
00000000
1FC0C040
0000000C
00000000
00000000
00000000
00000000
00000000
00000000
00000000
00000000
00000000
00000000
60000000
000C3060
00000000
00000008
00040000
00000000
00000001
00010000
20000000
00000000
00000400
01000000
00000000
30603040
0000000C
00000000
00000000
00000000
00000000
00000000
00000000
00000000
00000000
00000000
00000000
18000000
000C3060
00000000
00000008
00040000
00000000
00000001
00010000
20000000
00000000
00000400
01000000
00000000
30600C40
0000000C
00000000
00000000
00000000
00000000
00000000
00000000
00000000
00000000
00000000
00000000
00000000
000C3060
00000000
00000008
00040000
00000000
00000001
00010000
20000000
00000000
00000400
01000000
00000000
30600040
0000000C
00000000
00000000
00000000
00000000
00000000
00000000
00000000
00000000
00000000
00000000
00000000
000C3060
00000000
00000008
00040000
00000000
00000001
00010000
20000000
00000000
00000400
01000000
00000000
30600040
0000000C
00000000
00000000
00000000
00000000
00000000
00000000
00000000
00000000
00000000
00000000
00000000
000C3060
00000000
00000008
00040000
00000000
00000001
00010000
20000000
00000000
00000400
01000000
00000000
1FC00040
0000000C
00000000
00000000
00000000
00000000
00000000
00000000
00000000
00000000
00000000
00000000
00000000
000C0F80
00000000
00000008
00040000
00000000
00000001
00010000
20000000
00000000
00000400
01000000
00000000
00000040
0000000C
00000000
00000000
00000000
00000000
00000000
00000000
00000000
00000000
00000000
00000000
00000000
000C0000
00000000
00000008
00040000
00000000
00000001
00010000
20000000
00000000
00000400
01000000
00000000
00000040
0000000C
00000000
00000000
00000000
00000000
00000000
00000000
00000000
00000000
00000000
00000000
00000000
000C0000
00000000
00000008
00040000
00000000
00000001
00010000
20000000
00000000
00000400
01000000
00000000
00000040
0000000C
00000000
00000000
00000000
00000000
00000000
00000000
00000000
00000000
00000000
00000000
00000000
000C0000
00000000
00000008
00040000
00000000
00000001
00010000
20000000
00000000
00000400
01000000
00000000
00000040
0000000C
00000000
00000000
00000000
00000000
00000000
00000000
00000000
00000000
00000000
00000000
00000000
000C0000
00000000
00000008
00040000
00000000
00000001
00010000
20000000
00000000
00000400
01000000
00000000
00000040
0000000C
00000000
00000000
00000000
00000000
00000000
00000000
00000000
00000000
00000000
00000000
00000000
000C0000
00000000
00000008
00040000
00000000
00000001
00010000
20000000
00000000
00000400
01000000
00000000
00000040
0000000C
00000000
00000000
00000000
00000000
00000000
00000000
00000000
00000000
00000000
00000000
00000000
000C0000
00000000
00000008
00040000
00000000
00000001
00010000
20000000
00000000
00000400
01000000
00000000
00000040
0000000C
00000000
00000000
00000000
00000000
00000000
00000000
00000000
00000000
00000000
00000000
00000000
000C0000
00000000
00000008
00040000
00000000
00000001
00010000
20000000
00000000
00000400
01000000
00000000
00000040
0000000C
00000000
00000000
00000000
00000000
00000000
00000000
00000000
00000000
00000000
00000000
00000000
000C0000
00000000
00000008
00040000
00000000
00000001
00010000
20000000
00000000
00000400
01000000
00000000
00000040
0000000C
00000000
00000000
00000000
00000000
00000000
00000000
00000000
00000000
00000000
00000000
00000000
000C0000
00000000
00000008
00040000
00000000
00000001
00010000
20000000
00000000
00000400
01000000
00000000
00000040
0000000C
00000000
00000000
00000000
00000000
00000000
00000000
00000000
00000000
00000000
00000000
00000000
000C0000
00000000
00000008
00040000
00000000
00000001
00010000
20000000
00000000
00000400
01000000
00000000
00000040
0000000C
00000000
00000000
00000000
00000000
00000000
00000000
00000000
00000000
00000000
00000000
00000000
000C0000
00000000
00000008
00040000
00000000
00000001
00010000
20000000
00000000
00000400
01000000
00000000
00000040
0000000C
00000000
00000000
00000000
00000000
00000000
00000000
00000000
00000000
00000000
00000000
00000000
000C0000
00000000
00000008
00040000
00000000
00000001
00010000
20000000
00000000
00000400
01000000
00000000
00000040
0000000C
00000000
00000000
00000000
00000000
00000000
00000000
00000000
00000000
00000000
00000000
00000000
000C0000
00000000
00000008
00040000
00000000
00000001
00010000
20000000
00000000
00000400
01000000
00000000
00000040
0000000C
00000000
00000000
00000000
00000000
00000000
00000000
00000000
00000000
00000000
00000000
00000000
000C0000
00000000
00000008
00040000
00000000
00000001
00010000
20000000
00000000
00000400
01000000
00000000
00000040
0000000C
00000000
00000000
00000000
00000000
00000000
00000000
00000000
00000000
00000000
00000000
00000000
000C0000
00000000
00000008
00040000
00000000
00000001
00010000
20000000
00000000
00000400
01000000
00000000
00000040
0000000C
00000000
00000000
00000000
00000000
00000000
00000000
00000000
00000000
00000000
00000000
00000000
000C0000
00000000
00000008
00040000
00000000
00000001
00010000
20000000
00000000
00000400
01000000
00000000
00000040
0000000C
00000000
00000000
00000000
00000000
00000000
00000000
00000000
00000000
00000000
00000000
00000000
000C0000
00000000
00000008
00040000
00000000
00000001
00010000
20000000
00000000
00000400
01000000
00000000
00000040
0000000C
00000000
00000000
00000000
00000000
00000000
00000000
00000000
00000000
00000000
00000000
00000000
000C0000
00000000
00000008
00040000
00000000
00000001
00010000
20000000
00000000
00000400
01000000
00000000
00000040
0000000C
00000000
00000000
00000000
00000000
00000000
00000000
00000000
00000000
00000000
00000000
00000000
000C0000
00000000
00000008
00040000
00000000
00000001
00010000
20000000
00000000
00000400
01000000
00000000
00000040
5555555C
55555555
55555555
55555555
55555555
55555555
55555555
55555555
55555555
55555555
55555555
00155555
000C0000
00000000
00000008
00040000
00000000
00000001
00010000
20000000
00000000
00000400
01000000
00000000
00000040
0000000C
00000000
00000000
00000000
00000000
00000000
00000000
00000000
00000000
00000000
00000000
00000000
000C0000
00000000
00000008
00040000
00000000
00000001
00010000
20000000
00000000
00000400
01000000
00000000
00000040
0000000C
00000000
00000000
00000000
00000000
00000000
00000000
00000000
00000000
00000000
00000000
00000000
000C0000
00000000
00000008
00040000
00000000
00000001
00010000
20000000
00000000
00000400
01000000
00000000
00000040
0000000C
00000000
00000000
00000000
00000000
00000000
00000000
00000000
00000000
00000000
00000000
00000000
000C0000
00000000
00000008
00040000
00000000
00000001
00010000
20000000
00000000
00000400
01000000
00000000
00000040
0000000C
00000000
00000000
00000000
00000000
00000000
00000000
00000000
00000000
00000000
00000000
00000000
000C0000
00000000
00000008
00040000
00000000
00000001
00010000
20000000
00000000
00000400
01000000
00000000
00000040
0000000C
00000000
00000000
00000000
00000000
00000000
00000000
00000000
00000000
00000000
00000000
00000000
000C0000
00000000
00000008
00040000
00000000
00000001
00010000
20000000
00000000
00000400
01000000
00000000
00000040
0000000C
00000000
00000000
00000000
00000000
00000000
00000000
00000000
00000000
00000000
00000000
00000000
000C0000
00000000
00000008
00040000
00000000
00000001
00010000
20000000
00000000
00000400
01000000
00000000
00000040
0000000C
00000000
00000000
00000000
00000000
00000000
00000000
00000000
00000000
00000000
00000000
00000000
000C0000
00000000
00000008
00040000
00000000
00000001
00010000
20000000
00000000
00000400
01000000
00000000
00000040
0000000C
00000000
00000000
00000000
00000000
00000000
00000000
00000000
00000000
00000000
00000000
00000000
000C0000
00000000
00000008
00040000
00000000
00000001
00010000
20000000
00000000
00000400
01000000
00000000
00000040
0000000C
00000000
00000000
00000000
00000000
00000000
00000000
00000000
00000000
00000000
00000000
00000000
000C0000
00000000
00000008
00040000
00000000
00000001
00010000
20000000
00000000
00000400
01000000
00000000
00000040
0000000C
00000000
00000000
00000000
00000000
00000000
00000000
00000000
00000000
00000000
00000000
00000000
000C0000
00000000
00000008
00040000
00000000
00000001
00010000
20000000
00000000
00000400
01000000
00000000
00000040
0000000C
00000000
00000000
00000000
00000000
00000000
00000000
00000000
00000000
00000000
00000000
00000000
000C0000
00000000
00000008
00040000
00000000
00000001
00010000
20000000
00000000
00000400
01000000
00000000
00000040
0000000C
00000000
00000000
00000000
00000000
00000000
00000000
00000000
00000000
00000000
00000000
00000000
000C0000
00000000
00000008
00040000
00000000
00000001
00010000
20000000
00000000
00000400
01000000
00000000
00000040
0000000C
00000000
00000000
00000000
00000000
00000000
00000000
00000000
00000000
00000000
00000000
00000000
000C0000
00000000
00000008
00040000
00000000
00000001
00010000
20000000
00000000
00000400
01000000
00000000
00000040
0000000C
00000000
00000000
00000000
00000000
00000000
00000000
00000000
00000000
00000000
00000000
00000000
000C0000
00000000
00000008
00040000
00000000
00000001
00010000
20000000
00000000
00000400
01000000
00000000
00000040
0000000C
00000000
00000000
00000000
00000000
00000000
00000000
00000000
00000000
00000000
00000000
00000000
000C0000
00000000
00000008
00040000
00000000
00000001
00010000
20000000
00000000
00000400
01000000
00000000
00000040
0000000C
00000000
00000000
00000000
00000000
00000000
00000000
00000000
00000000
00000000
00000000
00000000
000C0000
00000000
00000008
00040000
00000000
00000001
00010000
20000000
00000000
00000400
01000000
00000000
00000040
0000000C
00000000
00000000
00000000
00000000
00000000
00000000
00000000
00000000
00000000
00000000
00000000
000C0000
00000000
00000008
00040000
00000000
00000001
00010000
20000000
00000000
00000400
01000000
00000000
00000040
0000000C
00000000
00000000
00000000
00000000
00000000
00000000
00000000
00000000
00000000
00000000
00000000
000C0000
00000000
00000008
00040000
00000000
00000001
00010000
20000000
00000000
00000400
01000000
00000000
00000040
0000000C
00000000
00000000
00000000
00000000
00000000
00000000
00000000
00000000
00000000
00000000
00000000
000C0000
00000000
00000008
00040000
00000000
00000001
00010000
20000000
00000000
00000400
01000000
00000000
00000040
0000000C
00000000
00000000
00000000
00000000
00000000
00000000
00000000
00000000
00000000
00000000
00000000
000C0000
00000000
00000008
00040000
00000000
00000001
00010000
20000000
00000000
00000400
01000000
00000000
00000040
0000000C
00000000
00000000
00000000
00000000
00000000
00000000
00000000
00000000
00000000
00000000
00000000
000C0000
00000000
00000008
00040000
00000000
00000001
00010000
20000000
00000000
00000400
01000000
00000000
00000040
0000000C
00000000
00000000
00000000
00000000
00000000
00000000
00000000
00000000
00000000
00000000
00000000
000C0000
00000000
00000008
00040000
00000000
00000001
00010000
20000000
00000000
00000400
01000000
00000000
00000040
0000000C
00000000
00000000
00000000
00000000
00000000
00000000
00000000
00000000
00000000
00000000
00000000
000C0000
00000000
00000008
00040000
00000000
00000001
00010000
20000000
00000000
00000400
01000000
00000000
00000040
0000000C
00000000
00000000
00000000
00000000
00000000
00000000
00000000
00000000
00000000
00000000
00000000
000C0FC4
00000000
00000008
00040000
00000000
00000001
00010000
20000000
00000000
00000400
01000000
00000000
9FCE0040
0000000F
00000000
00000000
00000000
00000000
00000000
00000000
00000000
00000000
00000000
00000000
00000000
555FB81F
55555555
5555555D
55555555
55555555
55555555
55555555
75555555
55555555
55555555
55555555
55555555
B00E0055
0000000F
00000000
00000000
00000000
00000000
00000000
00000000
00000000
00000000
00000000
00000000
00000000
000C3004
00000000
00000008
00040000
00000000
00000001
00010000
20000000
00000000
00000400
01000000
00000000
38000040
0000000C
00000000
00000000
00000000
00000000
00000000
00000000
00000000
00000000
00000000
00000000
00000000
000C1FC0
00000000
00000008
00040000
00000000
00000001
00010000
20000000
00000000
00000400
01000000
00000000
07C00040
0000000C
00000000
00000000
00000000
00000000
00000000
00000000
00000000
00000000
00000000
00000000
00000000
000C01C0
00000000
00000008
00040000
00000000
00000001
00010000
20000000
00000000
00000400
01000000
00000000
01C00040
0000000C
00000000
00000000
00000000
00000000
00000000
00000000
00000000
00000000
00000000
00000000
00000000
000C01C0
00000000
00000008
00040000
00000000
00000001
00010000
20000000
00000000
00000400
01000000
00000000
3FC00040
0000000C
00000000
00000000
00000000
00000000
00000000
00000000
00000000
00000000
00000000
00000000
00000000
000C3FC0
00000000
00000008
00040000
00000000
00000001
00010000
20000000
00000000
00000400
01000000
00000000
00000040
0000000C
00000000
00000000
00000000
00000000
00000000
00000000
00000000
00000000
00000000
00000000
00000000
000C0000
00000000
00000008
00040000
00000000
00000001
00010000
20000000
00000000
00000400
01000000
00000000
00000040
0000000C
00000000
00000000
00000000
00000000
00000000
00000000
00000000
00000000
00000000
00000000
00000000
000C0000
00000000
00000008
00040000
00000000
00000001
00010000
20000000
00000000
00000400
01000000
00000000
00000040
0000000C
00000000
00000000
00000000
00000000
00000000
00000000
00000000
00000000
00000000
00000000
00000000
000C0000
00000000
00000008
00040000
00000000
00000001
00010000
20000000
00000000
00000400
01000000
00000000
00000040
0000000C
00000000
00000000
00000000
00000000
00000000
00000000
00000000
00000000
00000000
00000000
00000000
000C0000
00000000
00000008
00040000
00000000
00000001
00010000
20000000
00000000
00000400
01000000
00000000
00000040
0000000C
00000000
00000000
00000000
00000000
00000000
00000000
00000000
00000000
00000000
00000000
00000000
000C0000
00000000
00000008
00040000
00000000
00000001
00010000
20000000
00000000
00000400
01000000
00000000
00000040
0000000C
00000000
00000000
00000000
00000000
00000000
00000000
00000000
00000000
00000000
00000000
00000000
000C0000
00000000
00000008
00040000
00000000
00000001
00010000
20000000
00000000
00000400
01000000
00000000
00000040
0000000C
00000000
00000000
00000000
00000000
00000000
00000000
00000000
00000000
00000000
00000000
00000000
000C0000
00000000
00000008
00040000
00000000
00000001
00010000
20000000
00000000
00000400
01000000
00000000
00000040
0000000C
00000000
00000000
00000000
00000000
00000000
00000000
00000000
00000000
00000000
00000000
00000000
000C0000
00000000
00000008
00040000
00000000
00000001
00010000
20000000
00000000
00000400
01000000
00000000
00000040
0000000C
00000000
00000000
00000000
00000000
00000000
00000000
00000000
00000000
00000000
00000000
00000000
000C0000
00000000
00000008
00040000
00000000
00000001
00010000
20000000
00000000
00000400
01000000
00000000
00000040
0000000C
00000000
00000000
00000000
00000000
00000000
00000000
00000000
00000000
00000000
00000000
00000000
000C0000
00000000
00000008
00040000
00000000
00000001
00010000
20000000
00000000
00000400
01000000
00000000
00000040
0000000C
00000000
00000000
00000000
00000000
00000000
00000000
00000000
00000000
00000000
00000000
00000000
000C0000
00000000
00000008
00040000
00000000
00000001
00010000
20000000
00000000
00000400
01000000
00000000
00000040
0000000C
00000000
00000000
00000000
00000000
00000000
00000000
00000000
00000000
00000000
00000000
00000000
000C0000
00000000
00000008
00040000
00000000
00000001
00010000
20000000
00000000
00000400
01000000
00000000
00000040
0000000C
00000000
00000000
00000000
00000000
00000000
00000000
00000000
00000000
00000000
00000000
00000000
000C0000
00000000
00000008
00040000
00000000
00000001
00010000
20000000
00000000
00000400
01000000
00000000
00000040
0000000C
00000000
00000000
00000000
00000000
00000000
00000000
00000000
00000000
00000000
00000000
00000000
000C0000
00000000
00000008
00040000
00000000
00000001
00010000
20000000
00000000
00000400
01000000
00000000
00000040
0000000C
00000000
00000000
00000000
00000000
00000000
00000000
00000000
00000000
00000000
00000000
00000000
000C0000
00000000
00000008
00040000
00000000
00000001
00010000
20000000
00000000
00000400
01000000
00000000
00000040
0000000C
00000000
00000000
00000000
00000000
00000000
00000000
00000000
00000000
00000000
00000000
00000000
000C0000
00000000
00000008
00040000
00000000
00000001
00010000
20000000
00000000
00000400
01000000
00000000
00000040
0000000C
00000000
00000000
00000000
00000000
00000000
00000000
00000000
00000000
00000000
00000000
00000000
000C0000
00000000
00000008
00040000
00000000
00000001
00010000
20000000
00000000
00000400
01000000
00000000
00000040
0000000C
00000000
00000000
00000000
00000000
00000000
00000000
00000000
00000000
00000000
00000000
00000000
000C0000
00000000
00000008
00040000
00000000
00000001
00010000
20000000
00000000
00000400
01000000
00000000
00000040
0000000C
00000000
00000000
00000000
00000000
00000000
00000000
00000000
00000000
00000000
00000000
00000000
000C0000
00000000
00000008
00040000
00000000
00000001
00010000
20000000
00000000
00000400
01000000
00000000
00000040
0000000C
00000000
00000000
00000000
00000000
00000000
00000000
00000000
00000000
00000000
00000000
00000000
000C0000
00000000
00000008
00040000
00000000
00000001
00010000
20000000
00000000
00000400
01000000
00000000
00000040
5555555C
55555555
55555555
55555555
55555555
55555555
55555555
55555555
55555555
55555555
55555555
00155555
000C0000
00000000
00000008
00040000
00000000
00000001
00010000
20000000
00000000
00000400
01000000
00000000
00000040
0000000C
00000000
00000000
00000000
00000000
00000000
00000000
00000000
00000000
00000000
00000000
00000000
000C0000
00000000
00000008
00040000
00000000
00000001
00010000
20000000
00000000
00000400
01000000
00000000
00000040
0000000C
00000000
00000000
00000000
00000000
00000000
00000000
00000000
00000000
00000000
00000000
00000000
000C0000
00000000
00000008
00040000
00000000
00000001
00010000
20000000
00000000
00000400
01000000
00000000
00000040
0000000C
00000000
00000000
00000000
00000000
00000000
00000000
00000000
00000000
00000000
00000000
00000000
000C0000
00000000
00000008
00040000
00000000
00000001
00010000
20000000
00000000
00000400
01000000
00000000
00000040
0000000C
00000000
00000000
00000000
00000000
00000000
00000000
00000000
00000000
00000000
00000000
00000000
000C0000
00000000
00000008
00040000
00000000
00000001
00010000
20000000
00000000
00000400
01000000
00000000
00000040
0000000C
00000000
00000000
00000000
00000000
00000000
00000000
00000000
00000000
00000000
00000000
00000000
000C0000
00000000
00000008
00040000
00000000
00000001
00010000
20000000
00000000
00000400
01000000
00000000
00000040
0000000C
00000000
00000000
00000000
00000000
00000000
00000000
00000000
00000000
00000000
00000000
00000000
000C0000
00000000
00000008
00040000
00000000
00000001
00010000
20000000
00000000
00000400
01000000
00000000
00000040
0000000C
00000000
00000000
00000000
00000000
00000000
00000000
00000000
00000000
00000000
00000000
00000000
000C0000
00000000
00000008
00040000
00000000
00000001
00010000
20000000
00000000
00000400
01000000
00000000
00000040
0000000C
00000000
00000000
00000000
00000000
00000000
00000000
00000000
00000000
00000000
00000000
00000000
000C0000
00000000
00000008
00040000
00000000
00000001
00010000
20000000
00000000
00000400
01000000
00000000
00000040
0000000C
00000000
00000000
00000000
00000000
00000000
00000000
00000000
00000000
00000000
00000000
00000000
000C0000
00000000
00000008
00040000
00000000
00000001
00010000
20000000
00000000
00000400
01000000
00000000
00000040
0000000C
00000000
00000000
00000000
00000000
00000000
00000000
00000000
00000000
00000000
00000000
00000000
000C0000
00000000
00000008
00040000
00000000
00000001
00010000
20000000
00000000
00000400
01000000
00000000
00000040
0000000C
00000000
00000000
00000000
00000000
00000000
00000000
00000000
00000000
00000000
00000000
00000000
000C0000
00000000
00000008
00040000
00000000
00000001
00010000
20000000
00000000
00000400
01000000
00000000
00000040
0000000C
00000000
00000000
00000000
00000000
00000000
00000000
00000000
00000000
00000000
00000000
00000000
000C0000
00000000
00000008
00040000
00000000
00000001
00010000
20000000
00000000
00000400
01000000
00000000
00000040
0000000C
00000000
00000000
00000000
00000000
00000000
00000000
00000000
00000000
00000000
00000000
00000000
000C0000
00000000
00000008
00040000
00000000
00000001
00010000
20000000
00000000
00000400
01000000
00000000
00000040
0000000C
00000000
00000000
00000000
00000000
00000000
00000000
00000000
00000000
00000000
00000000
00000000
000C0000
00000000
00000008
00040000
00000000
00000001
00010000
20000000
00000000
00000400
01000000
00000000
00000040
0000000C
00000000
00000000
00000000
00000000
00000000
00000000
00000000
00000000
00000000
00000000
00000000
000C0000
00000000
00000008
00040000
00000000
00000001
00010000
20000000
00000000
00000400
01000000
00000000
00000040
0000000C
00000000
00000000
00000000
00000000
00000000
00000000
00000000
00000000
00000000
00000000
00000000
000C0000
00000000
00000008
00040000
00000000
00000001
00010000
20000000
00000000
00000400
01000000
00000000
00000040
0000000C
00000000
00000000
00000000
00000000
00000000
00000000
00000000
00000000
00000000
00000000
00000000
000C0000
00000000
00000008
00040000
00000000
00000001
00010000
20000000
00000000
00000400
01000000
00000000
00000040
0000000C
00000000
00000000
00000000
00000000
00000000
00000000
00000000
00000000
00000000
00000000
00000000
000C0000
00000000
00000008
00040000
00000000
00000001
00010000
20000000
00000000
00000400
01000000
00000000
00000040
0000000C
00000000
00000000
00000000
00000000
00000000
00000000
00000000
00000000
00000000
00000000
00000000
000C0000
00000000
00000008
00040000
00000000
00000001
00010000
20000000
00000000
00000400
01000000
00000000
00000040
0000000C
00000000
00000000
00000000
00000000
00000000
00000000
00000000
00000000
00000000
00000000
00000000
000C0000
00000000
00000008
00040000
00000000
00000001
00010000
20000000
00000000
00000400
01000000
00000000
00000040
0000000C
00000000
00000000
00000000
00000000
00000000
00000000
00000000
00000000
00000000
00000000
00000000
000C0000
00000000
00000008
00040000
00000000
00000001
00010000
20000000
00000000
00000400
01000000
00000000
00000040
0000000C
00000000
00000000
00000000
00000000
00000000
00000000
00000000
00000000
00000000
00000000
00000000
000C0000
00000000
00000008
00040000
00000000
00000001
00010000
20000000
00000000
00000400
01000000
00000000
3F800040
0000000C
00000000
00000000
00000000
00000000
00000000
00000000
00000000
00000000
00000000
00000000
00000000
000C3F80
00000000
00000008
00040000
00000000
00000001
00010000
20000000
00000000
00000400
01000000
00000000
0E000040
0000000C
00000000
00000000
00000000
00000000
00000000
00000000
00000000
00000000
00000000
00000000
00000000
000C0E00
00000000
00000008
00040000
00000000
00000001
00010000
20000000
00000000
00000400
01000000
00000000
0E000040
0000000C
00000000
00000000
00000000
00000000
00000000
00000000
00000000
00000000
00000000
00000000
00000000
000F8E00
00000000
00000008
00040000
00000000
00000001
00010000
20000000
00000000
00000400
01000000
00000000
8E000040
5555555F
55555555
55555555
55555555
55555555
55555555
55555555
55555555
55555555
55555555
55555555
00155555
000F8E00
00000000
00000000
00000000
00000000
00000000
00000000
00000000
00000000
00000000
00000000
00000000
0E000000
0000000C
00000000
00000000
00000000
00000000
00000000
00000000
00000000
00000000
00000000
00000000
00000000
000C0E00
00000000
00000000
00000000
00000000
00000000
00000000
00000000
00000000
00000000
00000000
00000000
0E000000
0000000C
00000000
00000000
00000000
00000000
00000000
00000000
00000000
00000000
00000000
00000000
00000000
000C0F00
00000000
00000000
00000000
00000000
00000000
00000000
00000000
00000000
00000000
00000000
00000000
0F800000
0000000C
00000000
00000000
00000000
00000000
00000000
00000000
00000000
00000000
00000000
00000000
00000000
000C0000
00000000
00000000
00000000
00000000
00000000
00000000
00000000
00000000
00000000
00000000
00000000
00000000
0000000C
00000000
00000000
00000000
00000000
00000000
00000000
00000000
00000000
00000000
00000000
00000000
010C2000
00000000
00000000
00000000
00000000
00000000
00000000
00000000
00000000
00000000
00000000
00000000
60000000
0000018C
00000000
00000000
00000000
00000000
00000000
00000000
00000000
00000000
00000000
00000000
00000000
00CCC000
00000000
00000000
00000000
00000000
00000000
00000000
00000000
00000000
00000000
00000000
00000000
80000000
0000006D
00000000
00000000
00000000
00000000
00000000
00000000
00000000
00000000
00000000
00000000
00000000
003F0000
00000000
00000000
00000000
00000000
00000000
00000000
00000000
00000000
00000000
00000000
00000000
00000000
0000001E
00000000
00000000
00000000
00000000
00000000
00000000
00000000
00000000
00000000
00000000
00000000
