00000000
00000000
00000000
00000000
00000000
00000000
00000000
00000000
00000000
00000000
00000000
00000000
1F800000
07C1F07C
00000000
83F7FC00
00003E0F
00000000
C0000000
00000007
00000000
07C1FBFE
0000001F
7E000000
1F07C1F0
F8FE3F80
00000FE3
FC000000
7F1FC7F7
00000000
00000000
000FE000
00000000
FBFE0000
003F8FE3
00000000
E3F8FE00
70003F8F
18360D83
00000000
6E001800
0000C1B0
00000000
30000000
00000018
00000000
D837000C
00000060
C0000000
60D8360D
0D836000
00001836
30000000
C1B06C00
00000000
00000000
00183000
00000000
00180000
0060D836
00000000
360D8000
600060D8
18360D83
00000000
6C006000
0000C1B0
00000000
30000000
00000018
00000000
D8360030
00000060
80000000
60D8360D
0D83701F
00001836
C07C0000
C1B06E00
00000000
00000000
00183000
00000000
00600000
0060D837
00000000
360DC000
3F9F60D8
18360D83
00000000
67F1807C
0000C1B0
00000000
30000000
00000018
00000000
D833F8C0
00000060
FE000000
60D8360C
0D830F9F
00001836
007C0000
C1B061F3
00000000
00000000
00183000
00000000
F9800000
0060D830
00000000
360C3E00
038060D8
18360D83
00000000
60730000
0000C1B0
00000000
30000000
00000018
00000000
D8303980
00000060
0E000000
60D8360C
0D830380
00001836
0C000000
C1B06073
00000000
00000000
00183000
00000000
39860000
0060D830
00000000
360C0E00
038060D8
18360D83
00000000
60730C00
0000C1B0
00000000
30000000
00000018
00000000
D8303986
00000060
0E000000
60D8360C
F8FE7F80
00000FE3
FC000000
7F1FCFF3
00000000
00000000
000FE000
00000000
F9FE0000
003F8FE7
00000000
E3F9FE00
7F803F8F
07C1F07C
00000000
8FF1F800
00003E0F
00000000
C0000000
00000007
00000000
07C7F8FC
0000001F
FE000000
1F07C1F1
00000000
00000000
00000000
00000000
00000000
00000000
00000000
00000000
00000000
00000000
00000000
00000000
00001800
0000001C
00000000
00E00000
00000000
00000000
80000000
00000003
00000000
07000000
00000000
00000000
30E00000
001C0000
00000000
00000000
000000E0
00000000
00000000
00038000
00000000
00000000
00000700
00000000
00000000
000060E0
0000001C
00000000
00E00000
00000000
00000000
80000000
00000003
00000000
07000000
00000000
00000000
C0E00000
FFFF8000
FFFFFFFF
FFFFFFFF
FFFFFFFF
FFFFFFFF
FFFFFFFF
FFFFFFFF
FFFFFFFF
FFFFFFFF
FFFFFFFF
FFFFFFFF
FFFFFFFF
8000FFFF
FFFFFFFF
FFFFFFFF
FFFFFFFF
FFFFFFFF
FFFFFFFF
FFFFFFFF
FFFFFFFF
FFFFFFFF
FFFFFFFF
FFFFFFFF
FFFFFFFF
FFFFFFFF
000F8F80
00000000
00000008
00040000
00000000
00000001
00010000
20000000
00000000
00000400
01000000
00000000
1FC0C040
0000000C
00000000
00000000
00000000
00000000
00000000
00000000
00000000
00000000
00000000
00000000
60000000
000C3060
00000000
00000008
00040000
00000000
00000001
00010000
20000000
00000000
00000400
01000000
00000000
30603040
0000000C
00000000
00000000
00000000
00000000
00000000
00000000
00000000
00000000
00000000
00000000
18000000
000C3060
00000000
00000008
00040000
00000000
00000001
00010000
20000000
00000000
00000400
01000000
00000000
30600C40
0000000C
00000000
00000000
00000000
00000000
00000000
00000000
00000000
00000000
00000000
00000000
00000000
000C3060
00000000
00000008
00040000
00000000
00000001
00010000
20000000
00000000
00000400
01000000
00000000
30600040
0000000C
00000000
00000000
00000000
00000000
00000000
00000000
00000000
00000000
00000000
00000000
00000000
000C3060
00000000
00000008
00040000
00000000
00000001
00010000
20000000
00000000
00000400
01000000
00000000
30600040
0000000C
00000000
00000000
00000000
00000000
00000000
00000000
00000000
00000000
00000000
00000000
00000000
000C3060
00000000
00000008
00040000
00000000
00000001
00010000
20000000
00000000
00000400
01000000
00000000
1FC00040
0000000C
00000000
00000000
00000000
00000000
00000000
00000000
00000000
00000000
00000000
00000000
00000000
000C0F80
00000000
00000008
00040000
00000000
00000001
00010000
20000000
00000000
00000400
01000000
00000000
00000040
0000000C
00000000
00000000
00000000
00000000
00000000
00000000
00000000
00000000
00000000
00000000
00000000
000C0000
00000000
00000008
00040000
00000000
00000001
00010000
20000000
00000000
00000400
01000000
00000000
00000040
0000000C
00000000
00000000
00000000
00000000
00000000
00000000
00000000
00000000
00000000
00000000
00000000
000C0000
00000000
00000008
00040000
00000000
00000001
00010000
20000000
00000000
00000400
01000000
00000000
00000040
0000000C
00000000
00000000
00000000
00000000
00000000
00000000
00000000
00000000
00000000
00000000
00000000
000C0000
00000000
00000008
00040000
00000000
00000001
00010000
20000000
00000000
00000400
01000000
00000000
00000040
0000000C
00000000
00000000
00000000
00000000
00000000
00000000
00000000
00000000
00000000
00000000
00000000
000C0000
00000000
00000008
00040000
00000000
00000001
00010000
20000000
00000000
00000400
01000000
00000000
00000040
0000000C
00000000
00000000
00000000
00000000
00000000
00000000
00000000
00000000
00000000
00000000
00000000
000C0000
00000000
00000008
00040000
00000000
00000001
00010000
20000000
00000000
00000400
01000000
00000000
00000040
0000000C
00000000
00000000
00000000
00000000
00000000
00000000
00000000
00000000
00000000
00000000
00000000
000C0000
00000000
00000008
00040000
00000000
00000001
00010000
20000000
00000000
00000400
01000000
00000000
00000040
0000000C
00000000
00000000
00000000
00000000
00000000
00000000
00000000
00000000
00000000
00000000
00000000
000C0000
00000000
00000008
00040000
00000000
00000001
00010000
20000000
00000000
00000400
01000000
00000000
00000040
0000000C
00000000
00000000
00000000
00000000
00000000
00000000
00000000
00000000
00000000
00000000
00000000
000C0000
00000000
00000008
00040000
00000000
00000001
00010000
20000000
00000000
00000400
01000000
00000000
00000040
0000000C
00000000
00000000
00000000
00000000
00000000
00000000
00000000
00000000
00000000
00000000
00000000
000C0000
00000000
00000008
00040000
00000000
00000001
00010000
20000000
00000000
00000400
01000000
00000000
00000040
0000000C
00000000
00000000
00000000
00000000
00000000
00000000
00000000
00000000
00000000
00000000
00000000
000C0000
00000000
00000008
00040000
00000000
00000001
00010000
20000000
00000000
00000400
01000000
00000000
00000040
0000000C
00000000
00000000
00000000
00000000
00000000
00000000
00000000
00000000
00000000
00000000
00000000
000C0000
00000000
00000008
00040000
00000000
00000001
00010000
20000000
00000000
00000400
01000000
00000000
00000040
0000000C
00000000
00000000
00000000
00000000
00000000
00000000
00000000
00000000
00000000
00000000
00000000
000C0000
00000000
00000008
00040000
00000000
00000001
00010000
20000000
00000000
00000400
01000000
00000000
00000040
0000000C
00000000
00000000
00000000
00000000
00000000
00000000
00000000
00000000
00000000
00000000
00000000
000C0000
00000000
00000008
00040000
00000000
00000001
00010000
20000000
00000000
00000400
01000000
00000000
00000040
0000000C
00000000
00000000
00000000
00000000
00000000
00000000
00000000
00000000
00000000
00000000
00000000
000C0000
00000000
00000008
00040000
00000000
00000001
00010000
20000000
00000000
00000400
01000000
00000000
00000040
0000000C
00000000
00000000
00000000
00000000
00000000
00000000
00000000
00000000
00000000
00000000
00000000
000C0000
00000000
00000008
00040000
00000000
00000001
00010000
20000000
00000000
00000400
01000000
00000000
00000040
0000000C
00000000
00000000
00000000
00000000
00000000
00000000
00000000
00000000
00000000
00000000
00000000
000C0000
00000000
00000008
00040000
00000000
00000001
00010000
20000000
00000000
00000400
01000000
00000000
00000040
0000000C
00000000
00000000
00000000
00000000
00000000
00000000
00000000
00000000
00000000
00000000
00000000
000C0000
00000000
00000008
00040000
00000000
00000001
00010000
20000000
00000000
00000400
01000000
00000000
00000040
0000000C
00000000
00000000
00000000
00000000
00000000
00000000
00000000
00000000
00000000
00000000
00000000
000C0000
00000000
00000008
00040000
00000000
00000001
00010000
20000000
00000000
00000400
01000000
00000000
00000040
0000000C
00000000
00000000
00000000
00000000
00000000
00000000
00000000
00000000
00000000
00000000
00000000
000C0000
00000000
00000008
00040000
00000000
00000001
00010000
20000000
00000000
00000400
01000000
00000000
00000040
5555555C
55555555
55555555
55555555
55555555
55555555
55555555
55555555
55555555
55555555
55555555
00155555
000C0000
00000000
00000008
00040000
00000000
00000001
00010000
20000000
00000000
00000400
01000000
00000000
00000040
0000000C
00000000
00000000
00000000
00000000
00000000
00000000
00000000
00000000
00000000
00000000
00000000
000C0000
00000000
00000008
00040000
00000000
00000001
00010000
20000000
00000000
00000400
01000000
00000000
00000040
0000000C
00000000
00000000
00000000
00000000
00000000
00000000
00000000
00000000
00000000
00000000
00000000
000C0000
00000000
00000008
00040000
00000000
00000001
00010000
20000000
00000000
00000400
01000000
00000000
00000040
0000000C
00000000
00000000
00000000
00000000
00000000
00000000
00000000
00000000
00000000
00000000
00000000
000C0000
00000000
00000008
00040000
00000000
00000001
00010000
20000000
00000000
00000400
01000000
00000000
00000040
0000000C
00000000
00000000
00000000
00000000
00000000
00000000
00000000
00000000
00000000
00000000
00000000
000C0000
00000000
00000008
00040000
00000000
00000001
00010000
20000000
00000000
00000400
01000000
00000000
00000040
0000000C
00000000
00000000
00000000
00000000
00000000
00000000
00000000
00000000
00000000
00000000
00000000
000C0000
00000000
00000008
00040000
00000000
00000001
00010000
20000000
00000000
00000400
01000000
00000000
00000040
0000000C
00000000
00000000
00000000
00000000
00000000
00000000
00000000
00000000
00000000
00000000
00000000
000C0000
00000000
00000008
00040000
00000000
00000001
00010000
20000000
00000000
00000400
01000000
00000000
00000040
0000000C
00000000
00000000
00000000
00000000
00000000
00000000
00000000
00000000
00000000
00000000
00000000
000C0000
00000000
00000008
00040000
00000000
00000001
00010000
20000000
00000000
00000400
01000000
00000000
00000040
0000000C
00000000
00000000
00000000
00000000
00000000
00000000
00000000
00000000
00000000
00000000
00000000
000C0000
00000000
00000008
00040000
00000000
00000001
00010000
20000000
00000000
00000400
01000000
00000000
00000040
0000000C
00000000
00000000
00000000
00000000
00000000
00000000
00000000
00000000
00000000
00000000
00000000
000C0000
00000000
00000008
00040000
00000000
00000001
00010000
20000000
00000000
00000400
01000000
00000000
00000040
0000000C
00000000
00000000
00000000
00000000
00000000
00000000
00000000
00000000
00000000
00000000
00000000
000C0000
00000000
00000008
00040000
00000000
00000001
00010000
20000000
00000000
00000400
01000000
00000000
00000040
0000000C
00000000
00000000
00000000
00000000
00000000
00000000
00000000
00000000
00000000
00000000
00000000
000C0000
00000000
00000008
00040000
00000000
00000001
00010000
20000000
00000000
00000400
01000000
00000000
00000040
0000000C
00000000
00000000
00000000
00000000
00000000
00000000
00000000
00000000
00000000
00000000
00000000
000C0000
00000000
00000008
00040000
00000000
00000001
00010000
20000000
00000000
00000400
01000000
00000000
00000040
0000000C
00000000
00000000
00000000
00000000
00000000
00000000
00000000
00000000
00000000
00000000
00000000
000C0000
00000000
00000008
00040000
00000000
00000001
00010000
20000000
00000000
00000400
01000000
00000000
00000040
0000000C
00000000
00000000
00000000
00000000
00000000
00000000
00000000
00000000
00000000
00000000
00000000
000C0000
00000000
00000008
00040000
00000000
00000001
00010000
20000000
00000000
00000400
01000000
00000000
00000040
0000000C
00000000
00000000
00000000
00000000
00000000
00000000
00000000
00000000
00000000
00000000
00000000
000C0000
00000000
00000008
00040000
00000000
00000001
00010000
20000000
00000000
00000400
01000000
00000000
00000040
0000000C
00000000
00000000
00000000
00000000
00000000
00000000
00000000
00000000
00000000
00000000
00000000
000C0000
00000000
00000008
00040000
00000000
00000001
00010000
20000000
00000000
00000400
01000000
00000000
00000040
0000000C
00000000
00000000
00000000
00000000
00000000
00000000
00000000
00000000
00000000
00000000
00000000
000C0000
00000000
00000008
00040000
00000000
00000001
00010000
20000000
00000000
00000400
01000000
00000000
00000040
0000000C
00000000
00000000
00000000
00000000
00000000
00000000
00000000
00000000
00000000
00000000
00000000
000C0000
00000000
00000008
00040000
00000000
00000001
00010000
20000000
00000000
00000400
01000000
00000000
00000040
0000000C
00000000
00000000
00000000
00000000
00000000
00000000
00000000
00000000
00000000
00000000
00000000
000C0000
00000000
00000008
00040000
00000000
00000001
00010000
20000000
00000000
00000400
01000000
00000000
00000040
0000000C
00000000
00000000
00000000
00000000
00000000
00000000
00000000
00000000
00000000
00000000
00000000
000C0000
00000000
00000008
00040000
00000000
00000001
00010000
20000000
00000000
00000400
01000000
00000000
00000040
0000000C
00000000
00000000
00000000
00000000
00000000
00000000
00000000
00000000
00000000
00000000
00000000
000C0000
00000000
00000008
00040000
00000000
00000001
00010000
20000000
00000000
00000400
01000000
00000000
00000040
0000000C
00000000
00000000
00000000
00000000
00000000
00000000
00000000
00000000
00000000
00000000
00000000
000C0000
00000000
00000008
00040000
00000000
00000001
00010000
20000000
00000000
00000400
01000000
00000000
00000040
0000000C
00000000
00000000
00000000
00000000
00000000
00000000
00000000
00000000
00000000
00000000
00000000
000C0000
00000000
00000008
00040000
00000000
00000001
00010000
20000000
00000000
00000400
01000000
00000000
00000040
0000000C
00000000
00000000
00000000
00000000
00000000
00000000
00000000
00000000
00000000
00000000
00000000
000C0FC4
00000000
00000008
00040000
00000000
00000001
00010000
20000000
00000000
00000400
01000000
00000000
9FCE0040
0000000F
00000000
00000000
00000000
00000000
00000000
00000000
00000000
00000000
00000000
00000000
00000000
555FB81F
55555555
5555555D
55555555
55555555
55555555
55555555
75555555
55555555
55555555
55555555
55555555
B00E0055
0000000F
00000000
00000000
00000000
00000000
00000000
00000000
00000000
00000000
00000000
00000000
00000000
000C3004
00000000
00000008
00040000
00000000
00000001
00010000
20000000
00000000
00000400
01000000
00000000
38000040
0000000C
00000000
00000000
00000000
00000000
00000000
00000000
00000000
00000000
00000000
00000000
00000000
000C1FC0
00000000
00000008
00040000
00000000
00000001
00010000
20000000
00000000
00000400
01000000
00000000
07C00040
0000000C
00000000
00000000
00000000
00000000
00000000
00000000
00000000
00000000
00000000
00000000
00000000
000C01C0
00000000
00000008
00040000
00000000
00000001
00010000
20000000
00000000
00000400
01000000
00000000
01C00040
0000000C
00000000
00000000
00000000
00000000
00000000
00000000
00000000
00000000
00000000
00000000
00000000
000C01C0
00000000
00000008
00040000
00000000
00000001
00010000
20000000
00000000
00000400
01000000
00000000
3FC00040
0000000C
00000000
00000000
00000000
00000000
00000000
00000000
00000000
00000000
00000000
00000000
00000000
000C3FC0
00000000
00000008
00040000
00000000
00000001
00010000
20000000
00000000
00000400
01000000
00000000
00000040
0000000C
00000000
00000000
00000000
00000000
00000000
00000000
00000000
00000000
00000000
00000000
00000000
000C0000
00000000
00000008
00040000
00000000
00000001
00010000
20000000
00000000
00000400
01000000
00000000
00000040
0000000C
00000000
00000000
00000000
00000000
00000000
00000000
00000000
00000000
00000000
00000000
00000000
000C0000
00000000
00000008
00040000
00000000
00000001
00010000
20000000
00000000
00000400
01000000
00000000
00000040
0000000C
00000000
00000000
00000000
00000000
00000000
00000000
00000000
00000000
00000000
00000000
00000000
000C0000
00000000
00000008
00040000
00000000
00000001
00010000
20000000
00000000
00000400
01000000
00000000
00000040
0000000C
00000000
00000000
00000000
00000000
00000000
00000000
00000000
00000000
00000000
00000000
00000000
000C0000
00000000
00000008
00040000
00000000
00000001
00010000
20000000
00000000
00000400
01000000
00000000
00000040
0000000C
00000000
00000000
00000000
00000000
00000000
00000000
00000000
00000000
00000000
00000000
00000000
000C0000
00000000
00000008
00040000
00000000
00000001
00010000
20000000
00000000
00000400
01000000
00000000
00000040
0000000C
00000000
00000000
00000000
00000000
00000000
00000000
00000000
00000000
00000000
00000000
00000000
000C0000
00000000
00000008
00040000
00000000
00000001
00010000
20000000
00000000
00000400
01000000
00000000
00000040
0000000C
00000000
00000000
00000000
00000000
00000000
00000000
00000000
00000000
00000000
00000000
00000000
000C0000
00000000
00000008
00040000
00000000
00000001
00010000
20000000
00000000
00000400
01000000
00000000
00000040
0000000C
00000000
00000000
00000000
00000000
00000000
00000000
00000000
00000000
00000000
00000000
00000000
000C0000
00000000
00000008
00040000
00000000
00000001
00010000
20000000
00000000
00000400
01000000
00000000
00000040
0000000C
00000000
00000000
00000000
00000000
00000000
00000000
00000000
00000000
00000000
00000000
00000000
000C0000
00000000
00000008
00040000
00000000
00000001
00010000
20000000
00000000
00000400
01000000
00000000
00000040
0000000C
00000000
00000000
00000000
00000000
00000000
00000000
00000000
00000000
00000000
00000000
00000000
000C0000
00000000
00000008
00040000
00000000
00000001
00010000
20000000
00000000
00000400
01000000
00000000
00000040
0000000C
00000000
00000000
00000000
00000000
00000000
00000000
00000000
00000000
00000000
00000000
00000000
000C0000
00000000
00000008
00040000
00000000
00000001
00010000
20000000
00000000
00000400
01000000
00000000
00000040
0000000C
00000000
00000000
00000000
00000000
00000000
00000000
00000000
00000000
00000000
00000000
00000000
000C0000
00000000
00000008
00040000
00000000
00000001
00010000
20000000
00000000
00000400
01000000
00000000
00000040
0000000C
00000000
00000000
00000000
00000000
00000000
00000000
00000000
00000000
00000000
00000000
00000000
000C0000
00000000
00000008
00040000
00000000
00000001
00010000
20000000
00000000
00000400
01000000
00000000
00000040
0000000C
00000000
00000000
00000000
00000000
00000000
00000000
00000000
00000000
00000000
00000000
00000000
000C0000
00000000
00000008
00040000
00000000
00000001
00010000
20000000
00000000
00000400
01000000
00000000
00000040
0000000C
00000000
00000000
00000000
00000000
00000000
00000000
00000000
00000000
00000000
00000000
00000000
000C0000
00000000
00000008
00040000
00000000
00000001
00010000
20000000
00000000
00000400
01000000
00000000
00000040
0000000C
00000000
00000000
00000000
00000000
00000000
00000000
00000000
00000000
00000000
00000000
00000000
000C0000
00000000
00000008
00040000
00000000
00000001
00010000
20000000
00000000
00000400
01000000
00000000
00000040
0000000C
00000000
00000000
00000000
00000000
00000000
00000000
00000000
00000000
00000000
00000000
00000000
000C0000
00000000
00000008
00040000
00000000
00000001
00010000
20000000
00000000
00000400
01000000
00000000
00000040
0000000C
00000000
00000000
00000000
00000000
00000000
00000000
00000000
00000000
00000000
00000000
00000000
000C0000
00000000
00000008
00040000
00000000
00000001
00010000
20000000
00000000
00000400
01000000
00000000
00000040
0000000C
00000000
00000000
00000000
00000000
00000000
00000000
00000000
00000000
00000000
00000000
00000000
000C0000
00000000
00000008
00040000
00000000
00000001
00010000
20000000
00000000
00000400
01000000
00000000
00000040
0000000C
00000000
00000000
00000000
00000000
00000000
00000000
00000000
00000000
00000000
00000000
00000000
000C0000
00000000
00000008
00040000
00000000
00000001
00010000
20000000
00000000
00000400
01000000
00000000
00000040
5555555C
55555555
55555555
55555555
55555555
55555555
55555555
55555555
55555555
55555555
55555555
00155555
000C0000
00000000
00000008
00040000
00000000
00000001
00010000
20000000
00000000
00000400
01000000
00000000
00000040
0000000C
00000000
00000000
00000000
00000000
00000000
00000000
00000000
00000000
00000000
00000000
00000000
000C0000
00000000
00000008
00040000
00000000
00000001
00010000
20000000
00000000
00000400
01000000
00000000
00000040
0000000C
00000000
00000000
00000000
00000000
00000000
00000000
00000000
00000000
00000000
00000000
00000000
000C0000
00000000
00000008
00040000
00000000
00000001
00010000
20000000
00000000
00000400
01000000
00000000
00000040
0000000C
00000000
00000000
00000000
00000000
00000000
00000000
00000000
00000000
00000000
00000000
00000000
000C0000
00000000
00000008
00040000
00000000
00000001
00010000
20000000
00000000
00000400
01000000
00000000
00000040
0000000C
00000000
00000000
00000000
00000000
00000000
00000000
00000000
00000000
00000000
00000000
00000000
000C0000
00000000
00000008
00040000
00000000
00000001
00010000
20000000
00000000
00000400
01000000
00000000
00000040
0000000C
00000000
00000000
00000000
00000000
00000000
00000000
00000000
00000000
00000000
00000000
00000000
000C0000
00000000
00000008
00040000
00000000
00000001
00010000
20000000
00000000
00000400
01000000
00000000
00000040
0000000C
00000000
00000000
00000000
00000000
00000000
00000000
00000000
00000000
00000000
00000000
00000000
000C0000
00000000
00000008
00040000
00000000
00000001
00010000
20000000
00000000
00000400
01000000
00000000
00000040
0000000C
00000000
00000000
00000000
00000000
00000000
00000000
00000000
00000000
00000000
00000000
00000000
000C0000
00000000
00000008
00040000
00000000
00000001
00010000
20000000
00000000
00000400
01000000
00000000
00000040
0000000C
00000000
00000000
00000000
00000000
00000000
00000000
00000000
00000000
00000000
00000000
00000000
000C0000
00000000
00000008
00040000
00000000
00000001
00010000
20000000
00000000
00000400
01000000
00000000
00000040
0000000C
00000000
00000000
00000000
00000000
00000000
00000000
00000000
00000000
00000000
00000000
00000000
000C0000
00000000
00000008
00040000
00000000
00000001
00010000
20000000
00000000
00000400
01000000
00000000
00000040
0000000C
00000000
00000000
00000000
00000000
00000000
00000000
00000000
00000000
00000000
00000000
00000000
000C0000
00000000
00000008
00040000
00000000
00000001
00010000
20000000
00000000
00000400
01000000
00000000
00000040
0000000C
00000000
00000000
00000000
00000000
00000000
00000000
00000000
00000000
00000000
00000000
00000000
000C0000
00000000
00000008
00040000
00000000
00000001
00010000
20000000
00000000
00000400
01000000
00000000
00000040
0000000C
00000000
00000000
00000000
00000000
00000000
00000000
00000000
00000000
00000000
00000000
00000000
000C0000
00000000
00000008
00040000
00000000
00000001
00010000
20000000
00000000
00000400
01000000
00000000
00000040
0000000C
00000000
00000000
00000000
00000000
00000000
00000000
00000000
00000000
00000000
00000000
00000000
000C0000
00000000
00000008
00040000
00000000
00000001
00010000
20000000
00000000
00000400
01000000
00000000
00000040
0000000C
00000000
00000000
00000000
00000000
00000000
00000000
00000000
00000000
00000000
00000000
00000000
000C0000
00000000
00000008
00040000
00000000
00000001
00010000
20000000
00000000
00000400
01000000
00000000
00000040
0000000C
00000000
00000000
00000000
00000000
00000000
00000000
00000000
00000000
00000000
00000000
00000000
000C0000
00000000
00000008
00040000
00000000
00000001
00010000
20000000
00000000
00000400
01000000
00000000
00000040
0000000C
00000000
00000000
00000000
00000000
00000000
00000000
00000000
00000000
00000000
00000000
00000000
000C0000
00000000
00000008
00040000
00000000
00000001
00010000
20000000
00000000
00000400
01000000
00000000
00000040
0000000C
00000000
00000000
00000000
00000000
00000000
00000000
00000000
00000000
00000000
00000000
00000000
000C0000
00000000
00000008
00040000
00000000
00000001
00010000
20000000
00000000
00000400
01000000
00000000
00000040
0000000C
00000000
00000000
00000000
00000000
00000000
00000000
00000000
00000000
00000000
00000000
00000000
000C0000
00000000
00000008
00040000
00000000
00000001
00010000
20000000
00000000
00000400
01000000
00000000
00000040
0000000C
00000000
00000000
00000000
00000000
00000000
00000000
00000000
00000000
00000000
00000000
00000000
000C0000
00000000
00000008
00040000
00000000
00000001
00010000
20000000
00000000
00000400
01000000
00000000
00000040
0000000C
00000000
00000000
00000000
00000000
00000000
00000000
00000000
00000000
00000000
00000000
00000000
000C0000
00000000
00000008
00040000
00000000
00000001
00010000
20000000
00000000
00000400
01000000
00000000
00000040
0000000C
00000000
00000000
00000000
00000000
00000000
00000000
00000000
00000000
00000000
00000000
00000000
000C0000
00000000
00000008
00040000
00000000
00000001
00010000
20000000
00000000
00000400
01000000
00000000
00000040
0000000C
00000000
00000000
00000000
00000000
00000000
00000000
00000000
00000000
00000000
00000000
00000000
000C0000
00000000
00000008
00040000
00000000
00000001
00010000
20000000
00000000
00000400
01000000
00000000
3F800040
0000000C
00000000
00000000
00000000
00000000
00000000
00000000
00000000
00000000
00000000
00000000
00000000
000C3F80
00000000
00000008
00040000
00000000
00000001
00010000
20000000
00000000
00000400
01000000
00000000
0E000040
0000000C
00000000
00000000
00000000
00000000
00000000
00000000
00000000
00000000
00000000
00000000
00000000
000C0E00
00000000
00000008
00040000
00000000
00000001
00010000
20000000
00000000
00000400
01000000
00000000
0E000040
0000000C
00000000
00000000
00000000
00000000
00000000
00000000
00000000
00000000
00000000
00000000
00000000
000F8E00
00000000
00000008
00040000
00000000
00000001
00010000
20000000
00000000
00000400
01000000
00000000
8E000040
5555555F
55555555
55555555
55555555
55555555
55555555
55555555
55555555
55555555
55555555
55555555
00155555
000F8E00
00000000
00000000
00000000
00000000
00000000
00000000
00000000
00000000
00000000
00000000
00000000
0E000000
0000000C
00000000
00000000
00000000
00000000
00000000
00000000
00000000
00000000
00000000
00000000
00000000
000C0E00
00000000
00000000
00000000
00000000
00000000
00000000
00000000
00000000
00000000
00000000
00000000
0E000000
0000000C
00000000
00000000
00000000
00000000
00000000
00000000
00000000
00000000
00000000
00000000
00000000
000C0F00
00000000
00000000
00000000
00000000
00000000
00000000
00000000
00000000
00000000
00000000
00000000
0F800000
0000000C
00000000
00000000
00000000
00000000
00000000
00000000
00000000
00000000
00000000
00000000
00000000
000C0000
00000000
00000000
00000000
00000000
00000000
00000000
00000000
00000000
00000000
00000000
00000000
00000000
0000000C
00000000
00000000
00000000
00000000
00000000
00000000
00000000
00000000
00000000
00000000
00000000
010C2000
00000000
00000000
00000000
00000000
00000000
00000000
00000000
00000000
00000000
00000000
00000000
60000000
0000018C
00000000
00000000
00000000
00000000
00000000
00000000
00000000
00000000
00000000
00000000
00000000
00CCC000
00000000
00000000
00000000
00000000
00000000
00000000
00000000
00000000
00000000
00000000
00000000
80000000
0000006D
00000000
00000000
00000000
00000000
00000000
00000000
00000000
00000000
00000000
00000000
00000000
003F0000
00000000
00000000
00000000
00000000
00000000
00000000
00000000
00000000
00000000
00000000
00000000
00000000
0000001E
00000000
00000000
00000000
00000000
00000000
00000000
00000000
00000000
00000000
00000000
00000000
