00000000
00000000
00000000
00000000
00000000
00000000
00000000
00000000
00000000
00000000
00000000
00000000
60000000
07C1F07C
00000000
7CFF8000
0007C1F0
00000000
C0000000
00000007
00000000
F83E7FC0
000003E0
80000000
1F07C1F1
F8FE6000
00000FE3
80000000
E3F8FEFF
0000000F
00000000
000FE000
00000000
7FC00000
07F1FC7F
00000000
E3F98000
60003F8F
18360D83
00000000
83030000
0018360D
00000000
30000000
00000018
00000000
06C18180
00000C1B
80000000
60D8360D
0D836000
00001836
00000000
360D8306
00000018
00000000
00183000
00000000
83000000
0C1B06C1
00000000
360D8000
7F0060D8
18360D83
00000000
830C0000
0018360D
00000000
30000000
00000018
00000000
06C18600
00000C1B
FC000000
60D8360D
0D837F1F
00001836
0F800000
360D8318
00000018
00000000
00183000
00000000
8C000000
0C1B06C1
00000000
360DFC00
631F60D8
18360D83
00000000
83300F80
0018360D
00000000
30000000
00000018
00000000
06C19800
00000C1B
8C000000
60D8360D
0D83631F
00001836
0F800000
360D8360
00000018
00000000
00183000
00000000
B0000000
0C1B06C1
00000000
360D8C00
630060D8
18360D83
00000000
83600000
0018360D
00000000
30000000
00000018
00000000
06C1B000
00000C1B
8C000000
60D8360D
0D836300
00001836
80000000
360D8361
00000018
00000000
00183000
00000000
B0C00000
0C1B06C1
00000000
360D8C00
630060D8
18360D83
00000000
83618000
0018360D
00000000
30000000
00000018
00000000
06C1B0C0
00000C1B
8C000000
60D8360D
F8FE6000
00000FE3
80000000
E3F8FE7F
0000000F
00000000
000FE000
00000000
3FC00000
07F1FC7F
00000000
E3F98000
00003F8F
07C1F07C
00000000
7C3F0000
0007C1F0
00000000
C0000000
00000007
00000000
F83E1F80
000003E0
00000000
1F07C1F0
00000000
00000000
00000000
00000000
00000000
00000000
00000000
00000000
00000000
00000000
00000000
00000000
00001800
0000001C
00000000
00000000
0000000E
00000000
80000000
00000003
00000000
1C000000
00000000
00000000
30E00000
001C0000
00000000
00000000
000E0000
00000000
00000000
00038000
00000000
00000000
00001C00
00000000
00000000
000060E0
0000001C
00000000
00000000
0000000E
00000000
80000000
00000003
00000000
1C000000
00000000
00000000
C0E00000
FFFF8000
FFFFFFFF
FFFFFFFF
FFFFFFFF
FFFFFFFF
FFFFFFFF
FFFFFFFF
FFFFFFFF
FFFFFFFF
FFFFFFFF
FFFFFFFF
FFFFFFFF
8000FFFF
FFFFFFFF
FFFFFFFF
FFFFFFFF
FFFFFFFF
FFFFFFFF
FFFFFFFF
FFFFFFFF
FFFFFFFF
FFFFFFFF
FFFFFFFF
FFFFFFFF
FFFFFFFF
000F8F80
00000000
00000008
00040000
00000000
00000001
00010000
20000000
00000000
00000400
01000000
00000000
1FC0C040
0000000C
00000000
00000000
00000000
00000000
00000000
00000000
00000000
00000000
00000000
00000000
60000000
000C3060
00000000
00000008
00040000
00000000
00000001
00010000
20000000
00000000
00000400
01000000
00000000
30603040
0000000C
00000000
00000000
00000000
00000000
00000000
00000000
00000000
00000000
00000000
00000000
18000000
000C3060
00000000
00000008
00040000
00000000
00000001
00010000
20000000
00000000
00000400
01000000
00000000
30600C40
0000000C
00000000
00000000
00000000
00000000
00000000
00000000
00000000
00000000
00000000
00000000
00000000
000C3060
00000000
00000008
00040000
00000000
00000001
00010000
20000000
00000000
00000400
01000000
00000000
30600040
0000000C
00000000
00000000
00000000
00000000
00000000
00000000
00000000
00000000
00000000
00000000
00000000
000C3060
00000000
00000008
00040000
00000000
00000001
00010000
20000000
00000000
00000400
01000000
00000000
30600040
0000000C
00000000
00000000
00000000
00000000
00000000
00000000
00000000
00000000
00000000
00000000
00000000
000C3060
00000000
00000008
00040000
00000000
00000001
00010000
20000000
00000000
00000400
01000000
00000000
1FC00040
0000000C
00000000
00000000
00000000
00000000
00000000
00000000
00000000
00000000
00000000
00000000
00000000
000C0F80
00000000
00000008
00040000
00000000
00000001
00010000
20000000
00000000
00000400
01000000
00000000
00000040
0000000C
00000000
00000000
00000000
00000000
00000000
00000000
00000000
00000000
00000000
00000000
00000000
000C0000
00000000
00000008
00040000
00000000
00000001
00010000
20000000
00000000
00000400
01000000
00000000
00000040
0000000C
00000000
00000000
00000000
00000000
00000000
00000000
00000000
00000000
00000000
00000000
00000000
000C0000
00000000
00000008
00040000
00000000
00000001
00010000
20000000
00000000
00000400
01000000
00000000
00000040
0000000C
00000000
00000000
00000000
00000000
00000000
00000000
00000000
00000000
00000000
00000000
00000000
000C0000
00000000
00000008
00040000
00000000
00000001
00010000
20000000
00000000
00000400
01000000
00000000
00000040
0000000C
00000000
00000000
00000000
00000000
00000000
00000000
00000000
00000000
00000000
00000000
00000000
000C0000
00000000
00000008
00040000
00000000
00000001
00010000
20000000
00000000
00000400
01000000
00000000
00000040
0000000C
00000000
00000000
00000000
00000000
00000000
00000000
00000000
00000000
00000000
00000000
00000000
000C0000
00000000
00000008
00040000
00000000
00000001
00010000
20000000
00000000
00000400
01000000
00000000
00000040
0000000C
00000000
00000000
00000000
00000000
00000000
00000000
00000000
00000000
00000000
00000000
00000000
000C0000
00000000
00000008
00040000
00000000
00000001
00010000
20000000
00000000
00000400
01000000
00000000
00000040
0000000C
00000000
00000000
00000000
00000000
00000000
00000000
00000000
00000000
00000000
00000000
00000000
000C0000
00000000
00000008
00040000
00000000
00000001
00010000
20000000
00000000
00000400
01000000
00000000
00000040
0000000C
00000000
00000000
00000000
00000000
00000000
00000000
00000000
00000000
00000000
00000000
00000000
000C0000
00000000
00000008
00040000
00000000
00000001
00010000
20000000
00000000
00000400
01000000
00000000
00000040
0000000C
00000000
00000000
00000000
00000000
00000000
00000000
00000000
00000000
00000000
00000000
00000000
000C0000
00000000
00000008
00040000
00000000
00000001
00010000
20000000
00000000
00000400
01000000
00000000
00000040
0000000C
00000000
00000000
00000000
00000000
00000000
00000000
00000000
00000000
00000000
00000000
00000000
000C0000
00000000
00000008
00040000
00000000
00000001
00010000
20000000
00000000
00000400
01000000
00000000
00000040
0000000C
00000000
00000000
00000000
00000000
00000000
00000000
00000000
00000000
00000000
00000000
00000000
000C0000
00000000
00000008
00040000
00000000
00000001
00010000
20000000
00000000
00000400
01000000
00000000
00000040
0000000C
00000000
00000000
00000000
00000000
00000000
00000000
00000000
00000000
00000000
00000000
00000000
000C0000
00000000
00000008
00040000
00000000
00000001
00010000
20000000
00000000
00000400
01000000
00000000
00000040
0000000C
00000000
00000000
00000000
00000000
00000000
00000000
00000000
00000000
00000000
00000000
00000000
000C0000
00000000
00000008
00040000
00000000
00000001
00010000
20000000
00000000
00000400
01000000
00000000
00000040
0000000C
00000000
00000000
00000000
00000000
00000000
00000000
00000000
00000000
00000000
00000000
00000000
000C0000
00000000
00000008
00040000
00000000
00000001
00010000
20000000
00000000
00000400
01000000
00000000
00000040
0000000C
00000000
00000000
00000000
00000000
00000000
00000000
00000000
00000000
00000000
00000000
00000000
000C0000
00000000
00000008
00040000
00000000
00000001
00010000
20000000
00000000
00000400
01000000
00000000
00000040
0000000C
00000000
00000000
00000000
00000000
00000000
00000000
00000000
00000000
00000000
00000000
00000000
000C0000
00000000
00000008
00040000
00000000
00000001
00010000
20000000
00000000
00000400
01000000
00000000
00000040
0000000C
00000000
00000000
00000000
00000000
00000000
00000000
00000000
00000000
00000000
00000000
00000000
000C0000
00000000
00000008
00040000
00000000
00000001
00010000
20000000
00000000
00000400
01000000
00000000
00000040
0000000C
00000000
00000000
00000000
00000000
00000000
00000000
00000000
00000000
00000000
00000000
00000000
000C0000
00000000
00000008
00040000
00000000
00000001
00010000
20000000
00000000
00000400
01000000
00000000
00000040
0000000C
00000000
00000000
00000000
00000000
00000000
00000000
00000000
00000000
00000000
00000000
00000000
000C0000
00000000
00000008
00040000
00000000
00000001
00010000
20000000
00000000
00000400
01000000
00000000
00000040
5555555C
55555555
55555555
55555555
55555555
55555555
55555555
55555555
55555555
55555555
55555555
00155555
000C0000
00000000
00000008
00040000
00000000
00000001
00010000
20000000
00000000
00000400
01000000
00000000
00000040
0000000C
00000000
00000000
00000000
00000000
00000000
00000000
00000000
00000000
00000000
00000000
00000000
000C0000
00000000
00000008
00040000
00000000
00000001
00010000
20000000
00000000
00000400
01000000
00000000
00000040
0000000C
00000000
00000000
00000000
00000000
00000000
00000000
00000000
00000000
00000000
00000000
00000000
000C0000
00000000
00000008
00040000
00000000
00000001
00010000
20000000
00000000
00000400
01000000
00000000
00000040
0000000C
00000000
00000000
00000000
00000000
00000000
00000000
00000000
00000000
00000000
00000000
00000000
000C0000
00000000
00000008
00040000
00000000
00000001
00010000
20000000
00000000
00000400
01000000
00000000
00000040
0000000C
00000000
00000000
00000000
00000000
00000000
00000000
00000000
00000000
00000000
00000000
00000000
000C0000
00000000
00000008
00040000
00000000
00000001
00010000
20000000
00000000
00000400
01000000
00000000
00000040
0000000C
00000000
00000000
00000000
00000000
00000000
00000000
00000000
00000000
00000000
00000000
00000000
000C0000
00000000
00000008
00040000
00000000
00000001
00010000
20000000
00000000
00000400
01000000
00000000
00000040
0000000C
00000000
00000000
00000000
00000000
00000000
00000000
00000000
00000000
00000000
00000000
00000000
000C0000
00000000
00000008
00040000
00000000
00000001
00010000
20000000
00000000
00000400
01000000
00000000
00000040
0000000C
00000000
00000000
00000000
00000000
00000000
00000000
00000000
00000000
00000000
00000000
00000000
000C0000
00000000
00000008
00040000
00000000
00000001
00010000
20000000
00000000
00000400
01000000
00000000
00000040
0000000C
00000000
00000000
00000000
00000000
00000000
00000000
00000000
00000000
00000000
00000000
00000000
000C0000
00000000
00000008
00040000
00000000
00000001
00010000
20000000
00000000
00000400
01000000
00000000
00000040
0000000C
00000000
00000000
00000000
00000000
00000000
00000000
00000000
00000000
00000000
00000000
00000000
000C0000
00000000
00000008
00040000
00000000
00000001
00010000
20000000
00000000
00000400
01000000
00000000
00000040
0000000C
00000000
00000000
00000000
00000000
00000000
00000000
00000000
00000000
00000000
00000000
00000000
000C0000
00000000
00000008
00040000
00000000
00000001
00010000
20000000
00000000
00000400
01000000
00000000
00000040
0000000C
00000000
00000000
00000000
00000000
00000000
00000000
00000000
00000000
00000000
00000000
00000000
000C0000
00000000
00000008
00040000
00000000
00000001
00010000
20000000
00000000
00000400
01000000
00000000
00000040
0000000C
00000000
00000000
00000000
00000000
00000000
00000000
00000000
00000000
00000000
00000000
00000000
000C0000
00000000
00000008
00040000
00000000
00000001
00010000
20000000
00000000
00000400
01000000
00000000
00000040
0000000C
00000000
00000000
00000000
00000000
00000000
00000000
00000000
00000000
00000000
00000000
00000000
000C0000
00000000
00000008
00040000
00000000
00000001
00010000
20000000
00000000
00000400
01000000
00000000
00000040
0000000C
00000000
00000000
00000000
00000000
00000000
00000000
00000000
00000000
00000000
00000000
00000000
000C0000
00000000
00000008
00040000
00000000
00000001
00010000
20000000
00000000
00000400
01000000
00000000
00000040
0000000C
00000000
00000000
00000000
00000000
00000000
00000000
00000000
00000000
00000000
00000000
00000000
000C0000
00000000
00000008
00040000
00000000
00000001
00010000
20000000
00000000
00000400
01000000
00000000
00000040
0000000C
00000000
00000000
00000000
00000000
00000000
00000000
00000000
00000000
00000000
00000000
00000000
000C0000
00000000
00000008
00040000
00000000
00000001
00010000
20000000
00000000
00000400
01000000
00000000
00000040
0000000C
00000000
00000000
00000000
00000000
00000000
00000000
00000000
00000000
00000000
00000000
00000000
000C0000
00000000
00000008
00040000
00000000
00000001
00010000
20000000
00000000
00000400
01000000
00000000
00000040
0000000C
00000000
00000000
00000000
00000000
00000000
00000000
00000000
00000000
00000000
00000000
00000000
000C0000
00000000
00000008
00040000
00000000
00000001
00010000
20000000
00000000
00000400
01000000
00000000
00000040
0000000C
00000000
00000000
00000000
00000000
00000000
00000000
00000000
00000000
00000000
00000000
00000000
000C0000
00000000
00000008
00040000
00000000
00000001
00010000
20000000
00000000
00000400
01000000
00000000
00000040
0000000C
00000000
00000000
00000000
00000000
00000000
00000000
00000000
00000000
00000000
00000000
00000000
000C0000
00000000
00000008
00040000
00000000
00000001
00010000
20000000
00000000
00000400
01000000
00000000
00000040
0000000C
00000000
00000000
00000000
00000000
00000000
00000000
00000000
00000000
00000000
00000000
00000000
000C0000
00000000
00000008
00040000
00000000
00000001
00010000
20000000
00000000
00000400
01000000
00000000
00000040
0000000C
00000000
00000000
00000000
00000000
00000000
00000000
00000000
00000000
00000000
00000000
00000000
000C0000
00000000
00000008
00040000
00000000
00000001
00010000
20000000
00000000
00000400
01000000
00000000
00000040
0000000C
00000000
00000000
00000000
00000000
00000000
00000000
00000000
00000000
00000000
00000000
00000000
000C0000
00000000
00000008
00040000
00000000
00000001
00010000
20000000
00000000
00000400
01000000
00000000
00000040
0000000C
00000000
00000000
00000000
00000000
00000000
00000000
00000000
00000000
00000000
00000000
00000000
000C0FC4
00000000
00000008
00040000
00000000
00000001
00010000
20000000
00000000
00000400
01000000
00000000
9FCE0040
0000000F
00000000
00000000
00000000
00000000
00000000
00000000
00000000
00000000
00000000
00000000
00000000
555FB81F
55555555
5555555D
55555555
55555555
55555555
55555555
75555555
55555555
55555555
55555555
55555555
B00E0055
0000000F
00000000
00000000
00000000
00000000
00000000
00000000
00000000
00000000
00000000
00000000
00000000
000C3004
00000000
00000008
00040000
00000000
00000001
00010000
20000000
00000000
00000400
01000000
00000000
38000040
0000000C
00000000
00000000
00000000
00000000
00000000
00000000
00000000
00000000
00000000
00000000
00000000
000C1FC0
00000000
00000008
00040000
00000000
00000001
00010000
20000000
00000000
00000400
01000000
00000000
07C00040
0000000C
00000000
00000000
00000000
00000000
00000000
00000000
00000000
00000000
00000000
00000000
00000000
000C01C0
00000000
00000008
00040000
00000000
00000001
00010000
20000000
00000000
00000400
01000000
00000000
01C00040
0000000C
00000000
00000000
00000000
00000000
00000000
00000000
00000000
00000000
00000000
00000000
00000000
000C01C0
00000000
00000008
00040000
00000000
00000001
00010000
20000000
00000000
00000400
01000000
00000000
3FC00040
0000000C
00000000
00000000
00000000
00000000
00000000
00000000
00000000
00000000
00000000
00000000
00000000
000C3FC0
00000000
00000008
00040000
00000000
00000001
00010000
20000000
00000000
00000400
01000000
00000000
00000040
0000000C
00000000
00000000
00000000
00000000
00000000
00000000
00000000
00000000
00000000
00000000
00000000
000C0000
00000000
00000008
00040000
00000000
00000001
00010000
20000000
00000000
00000400
01000000
00000000
00000040
0000000C
00000000
00000000
00000000
00000000
00000000
00000000
00000000
00000000
00000000
00000000
00000000
000C0000
00000000
00000008
00040000
00000000
00000001
00010000
20000000
00000000
00000400
01000000
00000000
00000040
0000000C
00000000
00000000
00000000
00000000
00000000
00000000
00000000
00000000
00000000
00000000
00000000
000C0000
00000000
00000008
00040000
00000000
00000001
00010000
20000000
00000000
00000400
01000000
00000000
00000040
0000000C
00000000
00000000
00000000
00000000
00000000
00000000
00000000
00000000
00000000
00000000
00000000
000C0000
00000000
00000008
00040000
00000000
00000001
00010000
20000000
00000000
00000400
01000000
00000000
00000040
0000000C
00000000
00000000
00000000
00000000
00000000
00000000
00000000
00000000
00000000
00000000
00000000
000C0000
00000000
00000008
00040000
00000000
00000001
00010000
20000000
00000000
00000400
01000000
00000000
00000040
0000000C
00000000
00000000
00000000
00000000
00000000
00000000
00000000
00000000
00000000
00000000
00000000
000C0000
00000000
00000008
00040000
00000000
00000001
00010000
20000000
00000000
00000400
01000000
00000000
00000040
0000000C
00000000
00000000
00000000
00000000
00000000
00000000
00000000
00000000
00000000
00000000
00000000
000C0000
00000000
00000008
00040000
00000000
00000001
00010000
20000000
00000000
00000400
01000000
00000000
00000040
0000000C
00000000
00000000
00000000
00000000
00000000
00000000
00000000
00000000
00000000
00000000
00000000
000C0000
00000000
00000008
00040000
00000000
00000001
00010000
20000000
00000000
00000400
01000000
00000000
00000040
0000000C
00000000
00000000
00000000
00000000
00000000
00000000
00000000
00000000
00000000
00000000
00000000
000C0000
00000000
00000008
00040000
00000000
00000001
00010000
20000000
00000000
00000400
01000000
00000000
00000040
0000000C
00000000
00000000
00000000
00000000
00000000
00000000
00000000
00000000
00000000
00000000
00000000
000C0000
00000000
00000008
00040000
00000000
00000001
00010000
20000000
00000000
00000400
01000000
00000000
00000040
0000000C
00000000
00000000
00000000
00000000
00000000
00000000
00000000
00000000
00000000
00000000
00000000
000C0000
00000000
00000008
00040000
00000000
00000001
00010000
20000000
00000000
00000400
01000000
00000000
00000040
0000000C
00000000
00000000
00000000
00000000
00000000
00000000
00000000
00000000
00000000
00000000
00000000
000C0000
00000000
00000008
00040000
00000000
00000001
00010000
20000000
00000000
00000400
01000000
00000000
00000040
0000000C
00000000
00000000
00000000
00000000
00000000
00000000
00000000
00000000
00000000
00000000
00000000
000C0000
00000000
00000008
00040000
00000000
00000001
00010000
20000000
00000000
00000400
01000000
00000000
00000040
0000000C
00000000
00000000
00000000
00000000
00000000
00000000
00000000
00000000
00000000
00000000
00000000
000C0000
00000000
00000008
00040000
00000000
00000001
00010000
20000000
00000000
00000400
01000000
00000000
00000040
0000000C
00000000
00000000
00000000
00000000
00000000
00000000
00000000
00000000
00000000
00000000
00000000
000C0000
00000000
00000008
00040000
00000000
00000001
00010000
20000000
00000000
00000400
01000000
00000000
00000040
0000000C
00000000
00000000
00000000
00000000
00000000
00000000
00000000
00000000
00000000
00000000
00000000
000C0000
00000000
00000008
00040000
00000000
00000001
00010000
20000000
00000000
00000400
01000000
00000000
00000040
0000000C
00000000
00000000
00000000
00000000
00000000
00000000
00000000
00000000
00000000
00000000
00000000
000C0000
00000000
00000008
00040000
00000000
00000001
00010000
20000000
00000000
00000400
01000000
00000000
00000040
0000000C
00000000
00000000
00000000
00000000
00000000
00000000
00000000
00000000
00000000
00000000
00000000
000C0000
00000000
00000008
00040000
00000000
00000001
00010000
20000000
00000000
00000400
01000000
00000000
00000040
0000000C
00000000
00000000
00000000
00000000
00000000
00000000
00000000
00000000
00000000
00000000
00000000
000C0000
00000000
00000008
00040000
00000000
00000001
00010000
20000000
00000000
00000400
01000000
00000000
00000040
0000000C
00000000
00000000
00000000
00000000
00000000
00000000
00000000
00000000
00000000
00000000
00000000
000C0000
00000000
00000008
00040000
00000000
00000001
00010000
20000000
00000000
00000400
01000000
00000000
00000040
5555555C
55555555
55555555
55555555
55555555
55555555
55555555
55555555
55555555
55555555
55555555
00155555
000C0000
00000000
00000008
00040000
00000000
00000001
00010000
20000000
00000000
00000400
01000000
00000000
00000040
0000000C
00000000
00000000
00000000
00000000
00000000
00000000
00000000
00000000
00000000
00000000
00000000
000C0000
00000000
00000008
00040000
00000000
00000001
00010000
20000000
00000000
00000400
01000000
00000000
00000040
0000000C
00000000
00000000
00000000
00000000
00000000
00000000
00000000
00000000
00000000
00000000
00000000
000C0000
00000000
00000008
00040000
00000000
00000001
00010000
20000000
00000000
00000400
01000000
00000000
00000040
0000000C
00000000
00000000
00000000
00000000
00000000
00000000
00000000
00000000
00000000
00000000
00000000
000C0000
00000000
00000008
00040000
00000000
00000001
00010000
20000000
00000000
00000400
01000000
00000000
00000040
0000000C
00000000
00000000
00000000
00000000
00000000
00000000
00000000
00000000
00000000
00000000
00000000
000C0000
00000000
00000008
00040000
00000000
00000001
00010000
20000000
00000000
00000400
01000000
00000000
00000040
0000000C
00000000
00000000
00000000
00000000
00000000
00000000
00000000
00000000
00000000
00000000
00000000
000C0000
00000000
00000008
00040000
00000000
00000001
00010000
20000000
00000000
00000400
01000000
00000000
00000040
0000000C
00000000
00000000
00000000
00000000
00000000
00000000
00000000
00000000
00000000
00000000
00000000
000C0000
00000000
00000008
00040000
00000000
00000001
00010000
20000000
00000000
00000400
01000000
00000000
00000040
0000000C
00000000
00000000
00000000
00000000
00000000
00000000
00000000
00000000
00000000
00000000
00000000
000C0000
00000000
00000008
00040000
00000000
00000001
00010000
20000000
00000000
00000400
01000000
00000000
00000040
0000000C
00000000
00000000
00000000
00000000
00000000
00000000
00000000
00000000
00000000
00000000
00000000
000C0000
00000000
00000008
00040000
00000000
00000001
00010000
20000000
00000000
00000400
01000000
00000000
00000040
0000000C
00000000
00000000
00000000
00000000
00000000
00000000
00000000
00000000
00000000
00000000
00000000
000C0000
00000000
00000008
00040000
00000000
00000001
00010000
20000000
00000000
00000400
01000000
00000000
00000040
0000000C
00000000
00000000
00000000
00000000
00000000
00000000
00000000
00000000
00000000
00000000
00000000
000C0000
00000000
00000008
00040000
00000000
00000001
00010000
20000000
00000000
00000400
01000000
00000000
00000040
0000000C
00000000
00000000
00000000
00000000
00000000
00000000
00000000
00000000
00000000
00000000
00000000
000C0000
00000000
00000008
00040000
00000000
00000001
00010000
20000000
00000000
00000400
01000000
00000000
00000040
0000000C
00000000
00000000
00000000
00000000
00000000
00000000
00000000
00000000
00000000
00000000
00000000
000C0000
00000000
00000008
00040000
00000000
00000001
00010000
20000000
00000000
00000400
01000000
00000000
00000040
0000000C
00000000
00000000
00000000
00000000
00000000
00000000
00000000
00000000
00000000
00000000
00000000
000C0000
00000000
00000008
00040000
00000000
00000001
00010000
20000000
00000000
00000400
01000000
00000000
00000040
0000000C
00000000
00000000
00000000
00000000
00000000
00000000
00000000
00000000
00000000
00000000
00000000
000C0000
00000000
00000008
00040000
00000000
00000001
00010000
20000000
00000000
00000400
01000000
00000000
00000040
0000000C
00000000
00000000
00000000
00000000
00000000
00000000
00000000
00000000
00000000
00000000
00000000
000C0000
00000000
00000008
00040000
00000000
00000001
00010000
20000000
00000000
00000400
01000000
00000000
00000040
0000000C
00000000
00000000
00000000
00000000
00000000
00000000
00000000
00000000
00000000
00000000
00000000
000C0000
00000000
00000008
00040000
00000000
00000001
00010000
20000000
00000000
00000400
01000000
00000000
00000040
0000000C
00000000
00000000
00000000
00000000
00000000
00000000
00000000
00000000
00000000
00000000
00000000
000C0000
00000000
00000008
00040000
00000000
00000001
00010000
20000000
00000000
00000400
01000000
00000000
00000040
0000000C
00000000
00000000
00000000
00000000
00000000
00000000
00000000
00000000
00000000
00000000
00000000
000C0000
00000000
00000008
00040000
00000000
00000001
00010000
20000000
00000000
00000400
01000000
00000000
00000040
0000000C
00000000
00000000
00000000
00000000
00000000
00000000
00000000
00000000
00000000
00000000
00000000
000C0000
00000000
00000008
00040000
00000000
00000001
00010000
20000000
00000000
00000400
01000000
00000000
00000040
0000000C
00000000
00000000
00000000
00000000
00000000
00000000
00000000
00000000
00000000
00000000
00000000
000C0000
00000000
00000008
00040000
00000000
00000001
00010000
20000000
00000000
00000400
01000000
00000000
00000040
0000000C
00000000
00000000
00000000
00000000
00000000
00000000
00000000
00000000
00000000
00000000
00000000
000C0000
00000000
00000008
00040000
00000000
00000001
00010000
20000000
00000000
00000400
01000000
00000000
00000040
0000000C
00000000
00000000
00000000
00000000
00000000
00000000
00000000
00000000
00000000
00000000
00000000
000C0000
00000000
00000008
00040000
00000000
00000001
00010000
20000000
00000000
00000400
01000000
00000000
3F800040
0000000C
00000000
00000000
00000000
00000000
00000000
00000000
00000000
00000000
00000000
00000000
00000000
000C3F80
00000000
00000008
00040000
00000000
00000001
00010000
20000000
00000000
00000400
01000000
00000000
0E000040
0000000C
00000000
00000000
00000000
00000000
00000000
00000000
00000000
00000000
00000000
00000000
00000000
000C0E00
00000000
00000008
00040000
00000000
00000001
00010000
20000000
00000000
00000400
01000000
00000000
0E000040
0000000C
00000000
00000000
00000000
00000000
00000000
00000000
00000000
00000000
00000000
00000000
00000000
000F8E00
00000000
00000008
00040000
00000000
00000001
00010000
20000000
00000000
00000400
01000000
00000000
8E000040
5555555F
55555555
55555555
55555555
55555555
55555555
55555555
55555555
55555555
55555555
55555555
00155555
000F8E00
00000000
00000000
00000000
00000000
00000000
00000000
00000000
00000000
00000000
00000000
00000000
0E000000
0000000C
00000000
00000000
00000000
00000000
00000000
00000000
00000000
00000000
00000000
00000000
00000000
000C0E00
00000000
00000000
00000000
00000000
00000000
00000000
00000000
00000000
00000000
00000000
00000000
0E000000
0000000C
00000000
00000000
00000000
00000000
00000000
00000000
00000000
00000000
00000000
00000000
00000000
000C0F00
00000000
00000000
00000000
00000000
00000000
00000000
00000000
00000000
00000000
00000000
00000000
0F800000
0000000C
00000000
00000000
00000000
00000000
00000000
00000000
00000000
00000000
00000000
00000000
00000000
000C0000
00000000
00000000
00000000
00000000
00000000
00000000
00000000
00000000
00000000
00000000
00000000
00000000
0000000C
00000000
00000000
00000000
00000000
00000000
00000000
00000000
00000000
00000000
00000000
00000000
010C2000
00000000
00000000
00000000
00000000
00000000
00000000
00000000
00000000
00000000
00000000
00000000
60000000
0000018C
00000000
00000000
00000000
00000000
00000000
00000000
00000000
00000000
00000000
00000000
00000000
00CCC000
00000000
00000000
00000000
00000000
00000000
00000000
00000000
00000000
00000000
00000000
00000000
80000000
0000006D
00000000
00000000
00000000
00000000
00000000
00000000
00000000
00000000
00000000
00000000
00000000
003F0000
00000000
00000000
00000000
00000000
00000000
00000000
00000000
00000000
00000000
00000000
00000000
00000000
0000001E
00000000
00000000
00000000
00000000
00000000
00000000
00000000
00000000
00000000
00000000
00000000
