00000000
00000000
00000000
00000000
00000000
00000000
00000000
00000000
00000000
00000000
00000000
00000000
BFE00000
00007C1F
00000000
FE7F0000
000001FB
00000000
C0000000
00000007
00000000
BFE7F000
0000001F
E0000000
00F81FBF
FE3FBFE0
00000000
00000000
03FBFE7F
00000000
00000000
000FE000
00000000
F0000000
003FBFE7
00000000
3FBFE000
00C001FC
00018370
00000000
0C1C0000
00000700
00000000
30000000
00000018
00000000
00C1C000
00000070
C0000000
03067000
83600180
00000001
00000000
0600181C
00000000
00000000
00183000
00000000
C0000000
00600181
00000000
60018000
03000306
00018360
00000000
301C0000
00000600
00000000
30000000
00000018
00000000
0301C000
00000060
00000000
03066003
8370061F
00000001
F0000000
0700601D
00000000
00000000
00183000
00000000
C0000000
00700601
00000000
70060000
8C1F0306
0001833F
00000000
C01DF000
000003F8
00000000
30000000
00000018
00000000
8C01C000
0000003F
00000000
03063F8C
830F981F
00000001
F0000000
00F9801D
00000000
00000000
00183000
00000000
C0000000
000F9801
00000000
0F980000
98000306
00018303
00000000
801C0000
00000039
00000000
30000000
00000018
00000000
9801C000
00000003
00000000
03060398
83039860
00000001
00000000
0039861C
00000000
00000000
00183000
00000000
C0000000
00039861
00000000
03986000
98600306
00018303
00000000
861C0000
00000039
00000000
30000000
00000018
00000000
9861C000
00000003
60000000
03060398
FE7F9FE0
00000000
00000000
07F9FE1E
00000000
00000000
000FE000
00000000
E0000000
007F9FE1
00000000
7F9FE000
8FC001FC
00007C7F
00000000
FC1F0000
000007F8
00000000
C0000000
00000007
00000000
8FC1F000
0000007F
C0000000
0CF87F8F
00000000
00000000
00000000
00000000
00000000
00000000
00000000
00000000
00000000
00000000
00000000
00000000
00001800
0000001C
00000000
80000000
00000003
00000000
80000000
00000003
00000000
07000000
00000000
00000000
30E00000
001C0000
00000000
00000000
00038000
00000000
00000000
00038000
00000000
00000000
00000700
00000000
00000000
000060E0
0000001C
00000000
80000000
00000003
00000000
80000000
00000003
00000000
07000000
00000000
00000000
C0E00000
FFFF8000
FFFFFFFF
FFFFFFFF
FFFFFFFF
FFFFFFFF
FFFFFFFF
FFFFFFFF
FFFFFFFF
FFFFFFFF
FFFFFFFF
FFFFFFFF
FFFFFFFF
8000FFFF
FFFFFFFF
FFFFFFFF
FFFFFFFF
FFFFFFFF
FFFFFFFF
FFFFFFFF
FFFFFFFF
FFFFFFFF
FFFFFFFF
FFFFFFFF
FFFFFFFF
FFFFFFFF
000F8F80
00000000
00000008
00040000
00000000
00000001
00010000
20000000
00000000
00000400
01000000
00000000
1FC0C040
0000000C
00000000
00000000
00000000
00000000
00000000
00000000
00000000
00000000
00000000
00000000
60000000
000C3060
00000000
00000008
00040000
00000000
00000001
00010000
20000000
00000000
00000400
01000000
00000000
30603040
0000000C
00000000
00000000
00000000
00000000
00000000
00000000
00000000
00000000
00000000
00000000
18000000
000C3060
00000000
00000008
00040000
00000000
00000001
00010000
20000000
00000000
00000400
01000000
00000000
30600C40
0000000C
00000000
00000000
00000000
00000000
00000000
00000000
00000000
00000000
00000000
00000000
00000000
000C3060
00000000
00000008
00040000
00000000
00000001
00010000
20000000
00000000
00000400
01000000
00000000
30600040
0000000C
00000000
00000000
00000000
00000000
00000000
00000000
00000000
00000000
00000000
00000000
00000000
000C3060
00000000
00000008
00040000
00000000
00000001
00010000
20000000
00000000
00000400
01000000
00000000
30600040
0000000C
00000000
00000000
00000000
00000000
00000000
00000000
00000000
00000000
00000000
00000000
00000000
000C3060
00000000
00000008
00040000
00000000
00000001
00010000
20000000
00000000
00000400
01000000
00000000
1FC00040
0000000C
00000000
00000000
00000000
00000000
00000000
00000000
00000000
00000000
00000000
00000000
00000000
000C0F80
00000000
00000008
00040000
00000000
00000001
00010000
20000000
00000000
00000400
01000000
00000000
00000040
0000000C
00000000
00000000
00000000
00000000
00000000
00000000
00000000
00000000
00000000
00000000
00000000
000C0000
00000000
00000008
00040000
00000000
00000001
00010000
20000000
00000000
00000400
01000000
00000000
00000040
0000000C
00000000
00000000
00000000
00000000
00000000
00000000
00000000
00000000
00000000
00000000
00000000
000C0000
00000000
00000008
00040000
00000000
00000001
00010000
20000000
00000000
00000400
01000000
00000000
00000040
0000000C
00000000
00000000
00000000
00000000
00000000
00000000
00000000
00000000
00000000
00000000
00000000
000C0000
00000000
00000008
00040000
00000000
00000001
00010000
20000000
00000000
00000400
01000000
00000000
00000040
0000000C
00000000
00000000
00000000
00000000
00000000
00000000
00000000
00000000
00000000
00000000
00000000
000C0000
00000000
00000008
00040000
00000000
00000001
00010000
20000000
00000000
00000400
01000000
00000000
00000040
0000000C
00000000
00000000
00000000
00000000
00000000
00000000
00000000
00000000
00000000
00000000
00000000
000C0000
00000000
00000008
00040000
00000000
00000001
00010000
20000000
00000000
00000400
01000000
00000000
00000040
0000000C
00000000
00000000
00000000
00000000
00000000
00000000
00000000
00000000
00000000
00000000
00000000
000C0000
00000000
00000008
00040000
00000000
00000001
00010000
20000000
00000000
00000400
01000000
00000000
00000040
0000000C
00000000
00000000
00000000
00000000
00000000
00000000
00000000
00000000
00000000
00000000
00000000
000C0000
00000000
00000008
00040000
00000000
00000001
00010000
20000000
00000000
00000400
01000000
00000000
00000040
0000000C
00000000
00000000
00000000
00000000
00000000
00000000
00000000
00000000
00000000
00000000
00000000
000C0000
00000000
00000008
00040000
00000000
00000001
00010000
20000000
00000000
00000400
01000000
00000000
00000040
0000000C
00000000
00000000
00000000
00000000
00000000
00000000
00000000
00000000
00000000
00000000
00000000
000C0000
00000000
00000008
00040000
00000000
00000001
00010000
20000000
00000000
00000400
01000000
00000000
00000040
0000000C
00000000
00000000
00000000
00000000
00000000
00000000
00000000
00000000
00000000
00000000
00000000
000C0000
00000000
00000008
00040000
00000000
00000001
00010000
20000000
00000000
00000400
01000000
00000000
00000040
0000000C
00000000
00000000
00000000
00000000
00000000
00000000
00000000
00000000
00000000
00000000
00000000
000C0000
00000000
00000008
00040000
00000000
00000001
00010000
20000000
00000000
00000400
01000000
00000000
00000040
0000000C
00000000
00000000
00000000
00000000
00000000
00000000
00000000
00000000
00000000
00000000
00000000
000C0000
00000000
00000008
00040000
00000000
00000001
00010000
20000000
00000000
00000400
01000000
00000000
00000040
0000000C
00000000
00000000
00000000
00000000
00000000
00000000
00000000
00000000
00000000
00000000
00000000
000C0000
00000000
00000008
00040000
00000000
00000001
00010000
20000000
00000000
00000400
01000000
00000000
00000040
0000000C
00000000
00000000
00000000
00000000
00000000
00000000
00000000
00000000
00000000
00000000
00000000
000C0000
00000000
00000008
00040000
00000000
00000001
00010000
20000000
00000000
00000400
01000000
00000000
00000040
0000000C
00000000
00000000
00000000
00000000
00000000
00000000
00000000
00000000
00000000
00000000
00000000
000C0000
00000000
00000008
00040000
00000000
00000001
00010000
20000000
00000000
00000400
01000000
00000000
00000040
0000000C
00000000
00000000
00000000
00000000
00000000
00000000
00000000
00000000
00000000
00000000
00000000
000C0000
00000000
00000008
00040000
00000000
00000001
00010000
20000000
00000000
00000400
01000000
00000000
00000040
0000000C
00000000
00000000
00000000
00000000
00000000
00000000
00000000
00000000
00000000
00000000
00000000
000C0000
00000000
00000008
00040000
00000000
00000001
00010000
20000000
00000000
00000400
01000000
00000000
00000040
0000000C
00000000
00000000
00000000
00000000
00000000
00000000
00000000
00000000
00000000
00000000
00000000
000C0000
00000000
00000008
00040000
00000000
00000001
00010000
20000000
00000000
00000400
01000000
00000000
00000040
0000000C
00000000
00000000
00000000
00000000
00000000
00000000
00000000
00000000
00000000
00000000
00000000
000C0000
00000000
00000008
00040000
00000000
00000001
00010000
20000000
00000000
00000400
01000000
00000000
00000040
5555555C
55555555
55555555
55555555
55555555
55555555
55555555
55555555
55555555
55555555
55555555
00155555
000C0000
00000000
00000008
00040000
00000000
00000001
00010000
20000000
00000000
00000400
01000000
00000000
00000040
0000000C
00000000
00000000
00000000
00000000
00000000
00000000
00000000
00000000
00000000
00000000
00000000
000C0000
00000000
00000008
00040000
00000000
00000001
00010000
20000000
00000000
00000400
01000000
00000000
00000040
0000000C
00000000
00000000
00000000
00000000
00000000
00000000
00000000
00000000
00000000
00000000
00000000
000C0000
00000000
00000008
00040000
00000000
00000001
00010000
20000000
00000000
00000400
01000000
00000000
00000040
0000000C
00000000
00000000
00000000
00000000
00000000
00000000
00000000
00000000
00000000
00000000
00000000
000C0000
00000000
00000008
00040000
00000000
00000001
00010000
20000000
00000000
00000400
01000000
00000000
00000040
0000000C
00000000
00000000
00000000
00000000
00000000
00000000
00000000
00000000
00000000
00000000
00000000
000C0000
00000000
00000008
00040000
00000000
00000001
00010000
20000000
00000000
00000400
01000000
00000000
00000040
0000000C
00000000
00000000
00000000
00000000
00000000
00000000
00000000
00000000
00000000
00000000
00000000
000C0000
00000000
00000008
00040000
00000000
00000001
00010000
20000000
00000000
00000400
01000000
00000000
00000040
0000000C
00000000
00000000
00000000
00000000
00000000
00000000
00000000
00000000
00000000
00000000
00000000
000C0000
00000000
00000008
00040000
00000000
00000001
00010000
20000000
00000000
00000400
01000000
00000000
00000040
0000000C
00000000
00000000
00000000
00000000
00000000
00000000
00000000
00000000
00000000
00000000
00000000
000C0000
00000000
00000008
00040000
00000000
00000001
00010000
20000000
00000000
00000400
01000000
00000000
00000040
0000000C
00000000
00000000
00000000
00000000
00000000
00000000
00000000
00000000
00000000
00000000
00000000
000C0000
00000000
00000008
00040000
00000000
00000001
00010000
20000000
00000000
00000400
01000000
00000000
00000040
0000000C
00000000
00000000
00000000
00000000
00000000
00000000
00000000
00000000
00000000
00000000
00000000
000C0000
00000000
00000008
00040000
00000000
00000001
00010000
20000000
00000000
00000400
01000000
00000000
00000040
0000000C
00000000
00000000
00000000
00000000
00000000
00000000
00000000
00000000
00000000
00000000
00000000
000C0000
00000000
00000008
00040000
00000000
00000001
00010000
20000000
00000000
00000400
01000000
00000000
00000040
0000000C
00000000
00000000
00000000
00000000
00000000
00000000
00000000
00000000
00000000
00000000
00000000
000C0000
00000000
00000008
00040000
00000000
00000001
00010000
20000000
00000000
00000400
01000000
00000000
00000040
0000000C
00000000
00000000
00000000
00000000
00000000
00000000
00000000
00000000
00000000
00000000
00000000
000C0000
00000000
00000008
00040000
00000000
00000001
00010000
20000000
00000000
00000400
01000000
00000000
00000040
0000000C
00000000
00000000
00000000
00000000
00000000
00000000
00000000
00000000
00000000
00000000
00000000
000C0000
00000000
00000008
00040000
00000000
00000001
00010000
20000000
00000000
00000400
01000000
00000000
00000040
0000000C
00000000
00000000
00000000
00000000
00000000
00000000
00000000
00000000
00000000
00000000
00000000
000C0000
00000000
00000008
00040000
00000000
00000001
00010000
20000000
00000000
00000400
01000000
00000000
00000040
0000000C
00000000
00000000
00000000
00000000
00000000
00000000
00000000
00000000
00000000
00000000
00000000
000C0000
00000000
00000008
00040000
00000000
00000001
00010000
20000000
00000000
00000400
01000000
00000000
00000040
0000000C
00000000
00000000
00000000
00000000
00000000
00000000
00000000
00000000
00000000
00000000
00000000
000C0000
00000000
00000008
00040000
00000000
00000001
00010000
20000000
00000000
00000400
01000000
00000000
00000040
0000000C
00000000
00000000
00000000
00000000
00000000
00000000
00000000
00000000
00000000
00000000
00000000
000C0000
00000000
00000008
00040000
00000000
00000001
00010000
20000000
00000000
00000400
01000000
00000000
00000040
0000000C
00000000
00000000
00000000
00000000
00000000
00000000
00000000
00000000
00000000
00000000
00000000
000C0000
00000000
00000008
00040000
00000000
00000001
00010000
20000000
00000000
00000400
01000000
00000000
00000040
0000000C
00000000
00000000
00000000
00000000
00000000
00000000
00000000
00000000
00000000
00000000
00000000
000C0000
00000000
00000008
00040000
00000000
00000001
00010000
20000000
00000000
00000400
01000000
00000000
00000040
0000000C
00000000
00000000
00000000
00000000
00000000
00000000
00000000
00000000
00000000
00000000
00000000
000C0000
00000000
00000008
00040000
00000000
00000001
00010000
20000000
00000000
00000400
01000000
00000000
00000040
0000000C
00000000
00000000
00000000
00000000
00000000
00000000
00000000
00000000
00000000
00000000
00000000
000C0000
00000000
00000008
00040000
00000000
00000001
00010000
20000000
00000000
00000400
01000000
00000000
00000040
0000000C
00000000
00000000
00000000
00000000
00000000
00000000
00000000
00000000
00000000
00000000
00000000
000C0000
00000000
00000008
00040000
00000000
00000001
00010000
20000000
00000000
00000400
01000000
00000000
00000040
0000000C
00000000
00000000
00000000
00000000
00000000
00000000
00000000
00000000
00000000
00000000
00000000
000C0000
00000000
00000008
00040000
00000000
00000001
00010000
20000000
00000000
00000400
01000000
00000000
00000040
0000000C
00000000
00000000
00000000
00000000
00000000
00000000
00000000
00000000
00000000
00000000
00000000
000C0FC4
00000000
00000008
00040000
00000000
00000001
00010000
20000000
00000000
00000400
01000000
00000000
9FCE0040
0000000F
00000000
00000000
00000000
00000000
00000000
00000000
00000000
00000000
00000000
00000000
00000000
555FB81F
55555555
5555555D
55555555
55555555
55555555
55555555
75555555
55555555
55555555
55555555
55555555
B00E0055
0000000F
00000000
00000000
00000000
00000000
00000000
00000000
00000000
00000000
00000000
00000000
00000000
000C3004
00000000
00000008
00040000
00000000
00000001
00010000
20000000
00000000
00000400
01000000
00000000
38000040
0000000C
00000000
00000000
00000000
00000000
00000000
00000000
00000000
00000000
00000000
00000000
00000000
000C1FC0
00000000
00000008
00040000
00000000
00000001
00010000
20000000
00000000
00000400
01000000
00000000
07C00040
0000000C
00000000
00000000
00000000
00000000
00000000
00000000
00000000
00000000
00000000
00000000
00000000
000C01C0
00000000
00000008
00040000
00000000
00000001
00010000
20000000
00000000
00000400
01000000
00000000
01C00040
0000000C
00000000
00000000
00000000
00000000
00000000
00000000
00000000
00000000
00000000
00000000
00000000
000C01C0
00000000
00000008
00040000
00000000
00000001
00010000
20000000
00000000
00000400
01000000
00000000
3FC00040
0000000C
00000000
00000000
00000000
00000000
00000000
00000000
00000000
00000000
00000000
00000000
00000000
000C3FC0
00000000
00000008
00040000
00000000
00000001
00010000
20000000
00000000
00000400
01000000
00000000
00000040
0000000C
00000000
00000000
00000000
00000000
00000000
00000000
00000000
00000000
00000000
00000000
00000000
000C0000
00000000
00000008
00040000
00000000
00000001
00010000
20000000
00000000
00000400
01000000
00000000
00000040
0000000C
00000000
00000000
00000000
00000000
00000000
00000000
00000000
00000000
00000000
00000000
00000000
000C0000
00000000
00000008
00040000
00000000
00000001
00010000
20000000
00000000
00000400
01000000
00000000
00000040
0000000C
00000000
00000000
00000000
00000000
00000000
00000000
00000000
00000000
00000000
00000000
00000000
000C0000
00000000
00000008
00040000
00000000
00000001
00010000
20000000
00000000
00000400
01000000
00000000
00000040
0000000C
00000000
00000000
00000000
00000000
00000000
00000000
00000000
00000000
00000000
00000000
00000000
000C0000
00000000
00000008
00040000
00000000
00000001
00010000
20000000
00000000
00000400
01000000
00000000
00000040
0000000C
00000000
00000000
00000000
00000000
00000000
00000000
00000000
00000000
00000000
00000000
00000000
000C0000
00000000
00000008
00040000
00000000
00000001
00010000
20000000
00000000
00000400
01000000
00000000
00000040
0000000C
00000000
00000000
00000000
00000000
00000000
00000000
00000000
00000000
00000000
00000000
00000000
000C0000
00000000
00000008
00040000
00000000
00000001
00010000
20000000
00000000
00000400
01000000
00000000
00000040
0000000C
00000000
00000000
00000000
00000000
00000000
00000000
00000000
00000000
00000000
00000000
00000000
000C0000
00000000
00000008
00040000
00000000
00000001
00010000
20000000
00000000
00000400
01000000
00000000
00000040
0000000C
00000000
00000000
00000000
00000000
00000000
00000000
00000000
00000000
00000000
00000000
00000000
000C0000
00000000
00000008
00040000
00000000
00000001
00010000
20000000
00000000
00000400
01000000
00000000
00000040
0000000C
00000000
00000000
00000000
00000000
00000000
00000000
00000000
00000000
00000000
00000000
00000000
000C0000
00000000
00000008
00040000
00000000
00000001
00010000
20000000
00000000
00000400
01000000
00000000
00000040
0000000C
00000000
00000000
00000000
00000000
00000000
00000000
00000000
00000000
00000000
00000000
00000000
000C0000
00000000
00000008
00040000
00000000
00000001
00010000
20000000
00000000
00000400
01000000
00000000
00000040
0000000C
00000000
00000000
00000000
00000000
00000000
00000000
00000000
00000000
00000000
00000000
00000000
000C0000
00000000
00000008
00040000
00000000
00000001
00010000
20000000
00000000
00000400
01000000
00000000
00000040
0000000C
00000000
00000000
00000000
00000000
00000000
00000000
00000000
00000000
00000000
00000000
00000000
000C0000
00000000
00000008
00040000
00000000
00000001
00010000
20000000
00000000
00000400
01000000
00000000
00000040
0000000C
00000000
00000000
00000000
00000000
00000000
00000000
00000000
00000000
00000000
00000000
00000000
000C0000
00000000
00000008
00040000
00000000
00000001
00010000
20000000
00000000
00000400
01000000
00000000
00000040
0000000C
00000000
00000000
00000000
00000000
00000000
00000000
00000000
00000000
00000000
00000000
00000000
000C0000
00000000
00000008
00040000
00000000
00000001
00010000
20000000
00000000
00000400
01000000
00000000
00000040
0000000C
00000000
00000000
00000000
00000000
00000000
00000000
00000000
00000000
00000000
00000000
00000000
000C0000
00000000
00000008
00040000
00000000
00000001
00010000
20000000
00000000
00000400
01000000
00000000
00000040
0000000C
00000000
00000000
00000000
00000000
00000000
00000000
00000000
00000000
00000000
00000000
00000000
000C0000
00000000
00000008
00040000
00000000
00000001
00010000
20000000
00000000
00000400
01000000
00000000
00000040
0000000C
00000000
00000000
00000000
00000000
00000000
00000000
00000000
00000000
00000000
00000000
00000000
000C0000
00000000
00000008
00040000
00000000
00000001
00010000
20000000
00000000
00000400
01000000
00000000
00000040
0000000C
00000000
00000000
00000000
00000000
00000000
00000000
00000000
00000000
00000000
00000000
00000000
000C0000
00000000
00000008
00040000
00000000
00000001
00010000
20000000
00000000
00000400
01000000
00000000
00000040
0000000C
00000000
00000000
00000000
00000000
00000000
00000000
00000000
00000000
00000000
00000000
00000000
000C0000
00000000
00000008
00040000
00000000
00000001
00010000
20000000
00000000
00000400
01000000
00000000
00000040
0000000C
00000000
00000000
00000000
00000000
00000000
00000000
00000000
00000000
00000000
00000000
00000000
000C0000
00000000
00000008
00040000
00000000
00000001
00010000
20000000
00000000
00000400
01000000
00000000
00000040
5555555C
55555555
55555555
55555555
55555555
55555555
55555555
55555555
55555555
55555555
55555555
00155555
000C0000
00000000
00000008
00040000
00000000
00000001
00010000
20000000
00000000
00000400
01000000
00000000
00000040
0000000C
00000000
00000000
00000000
00000000
00000000
00000000
00000000
00000000
00000000
00000000
00000000
000C0000
00000000
00000008
00040000
00000000
00000001
00010000
20000000
00000000
00000400
01000000
00000000
00000040
0000000C
00000000
00000000
00000000
00000000
00000000
00000000
00000000
00000000
00000000
00000000
00000000
000C0000
00000000
00000008
00040000
00000000
00000001
00010000
20000000
00000000
00000400
01000000
00000000
00000040
0000000C
00000000
00000000
00000000
00000000
00000000
00000000
00000000
00000000
00000000
00000000
00000000
000C0000
00000000
00000008
00040000
00000000
00000001
00010000
20000000
00000000
00000400
01000000
00000000
00000040
0000000C
00000000
00000000
00000000
00000000
00000000
00000000
00000000
00000000
00000000
00000000
00000000
000C0000
00000000
00000008
00040000
00000000
00000001
00010000
20000000
00000000
00000400
01000000
00000000
00000040
0000000C
00000000
00000000
00000000
00000000
00000000
00000000
00000000
00000000
00000000
00000000
00000000
000C0000
00000000
00000008
00040000
00000000
00000001
00010000
20000000
00000000
00000400
01000000
00000000
00000040
0000000C
00000000
00000000
00000000
00000000
00000000
00000000
00000000
00000000
00000000
00000000
00000000
000C0000
00000000
00000008
00040000
00000000
00000001
00010000
20000000
00000000
00000400
01000000
00000000
00000040
0000000C
00000000
00000000
00000000
00000000
00000000
00000000
00000000
00000000
00000000
00000000
00000000
000C0000
00000000
00000008
00040000
00000000
00000001
00010000
20000000
00000000
00000400
01000000
00000000
00000040
0000000C
00000000
00000000
00000000
00000000
00000000
00000000
00000000
00000000
00000000
00000000
00000000
000C0000
00000000
00000008
00040000
00000000
00000001
00010000
20000000
00000000
00000400
01000000
00000000
00000040
0000000C
00000000
00000000
00000000
00000000
00000000
00000000
00000000
00000000
00000000
00000000
00000000
000C0000
00000000
00000008
00040000
00000000
00000001
00010000
20000000
00000000
00000400
01000000
00000000
00000040
0000000C
00000000
00000000
00000000
00000000
00000000
00000000
00000000
00000000
00000000
00000000
00000000
000C0000
00000000
00000008
00040000
00000000
00000001
00010000
20000000
00000000
00000400
01000000
00000000
00000040
0000000C
00000000
00000000
00000000
00000000
00000000
00000000
00000000
00000000
00000000
00000000
00000000
000C0000
00000000
00000008
00040000
00000000
00000001
00010000
20000000
00000000
00000400
01000000
00000000
00000040
0000000C
00000000
00000000
00000000
00000000
00000000
00000000
00000000
00000000
00000000
00000000
00000000
000C0000
00000000
00000008
00040000
00000000
00000001
00010000
20000000
00000000
00000400
01000000
00000000
00000040
0000000C
00000000
00000000
00000000
00000000
00000000
00000000
00000000
00000000
00000000
00000000
00000000
000C0000
00000000
00000008
00040000
00000000
00000001
00010000
20000000
00000000
00000400
01000000
00000000
00000040
0000000C
00000000
00000000
00000000
00000000
00000000
00000000
00000000
00000000
00000000
00000000
00000000
000C0000
00000000
00000008
00040000
00000000
00000001
00010000
20000000
00000000
00000400
01000000
00000000
00000040
0000000C
00000000
00000000
00000000
00000000
00000000
00000000
00000000
00000000
00000000
00000000
00000000
000C0000
00000000
00000008
00040000
00000000
00000001
00010000
20000000
00000000
00000400
01000000
00000000
00000040
0000000C
00000000
00000000
00000000
00000000
00000000
00000000
00000000
00000000
00000000
00000000
00000000
000C0000
00000000
00000008
00040000
00000000
00000001
00010000
20000000
00000000
00000400
01000000
00000000
00000040
0000000C
00000000
00000000
00000000
00000000
00000000
00000000
00000000
00000000
00000000
00000000
00000000
000C0000
00000000
00000008
00040000
00000000
00000001
00010000
20000000
00000000
00000400
01000000
00000000
00000040
0000000C
00000000
00000000
00000000
00000000
00000000
00000000
00000000
00000000
00000000
00000000
00000000
000C0000
00000000
00000008
00040000
00000000
00000001
00010000
20000000
00000000
00000400
01000000
00000000
00000040
0000000C
00000000
00000000
00000000
00000000
00000000
00000000
00000000
00000000
00000000
00000000
00000000
000C0000
00000000
00000008
00040000
00000000
00000001
00010000
20000000
00000000
00000400
01000000
00000000
00000040
0000000C
00000000
00000000
00000000
00000000
00000000
00000000
00000000
00000000
00000000
00000000
00000000
000C0000
00000000
00000008
00040000
00000000
00000001
00010000
20000000
00000000
00000400
01000000
00000000
00000040
0000000C
00000000
00000000
00000000
00000000
00000000
00000000
00000000
00000000
00000000
00000000
00000000
000C0000
00000000
00000008
00040000
00000000
00000001
00010000
20000000
00000000
00000400
01000000
00000000
00000040
0000000C
00000000
00000000
00000000
00000000
00000000
00000000
00000000
00000000
00000000
00000000
00000000
000C0000
00000000
00000008
00040000
00000000
00000001
00010000
20000000
00000000
00000400
01000000
00000000
3F800040
0000000C
00000000
00000000
00000000
00000000
00000000
00000000
00000000
00000000
00000000
00000000
00000000
000C3F80
00000000
00000008
00040000
00000000
00000001
00010000
20000000
00000000
00000400
01000000
00000000
0E000040
0000000C
00000000
00000000
00000000
00000000
00000000
00000000
00000000
00000000
00000000
00000000
00000000
000C0E00
00000000
00000008
00040000
00000000
00000001
00010000
20000000
00000000
00000400
01000000
00000000
0E000040
0000000C
00000000
00000000
00000000
00000000
00000000
00000000
00000000
00000000
00000000
00000000
00000000
000F8E00
00000000
00000008
00040000
00000000
00000001
00010000
20000000
00000000
00000400
01000000
00000000
8E000040
5555555F
55555555
55555555
55555555
55555555
55555555
55555555
55555555
55555555
55555555
55555555
00155555
000F8E00
00000000
00000000
00000000
00000000
00000000
00000000
00000000
00000000
00000000
00000000
00000000
0E000000
0000000C
00000000
00000000
00000000
00000000
00000000
00000000
00000000
00000000
00000000
00000000
00000000
000C0E00
00000000
00000000
00000000
00000000
00000000
00000000
00000000
00000000
00000000
00000000
00000000
0E000000
0000000C
00000000
00000000
00000000
00000000
00000000
00000000
00000000
00000000
00000000
00000000
00000000
000C0F00
00000000
00000000
00000000
00000000
00000000
00000000
00000000
00000000
00000000
00000000
00000000
0F800000
0000000C
00000000
00000000
00000000
00000000
00000000
00000000
00000000
00000000
00000000
00000000
00000000
000C0000
00000000
00000000
00000000
00000000
00000000
00000000
00000000
00000000
00000000
00000000
00000000
00000000
0000000C
00000000
00000000
00000000
00000000
00000000
00000000
00000000
00000000
00000000
00000000
00000000
010C2000
00000000
00000000
00000000
00000000
00000000
00000000
00000000
00000000
00000000
00000000
00000000
60000000
0000018C
00000000
00000000
00000000
00000000
00000000
00000000
00000000
00000000
00000000
00000000
00000000
00CCC000
00000000
00000000
00000000
00000000
00000000
00000000
00000000
00000000
00000000
00000000
00000000
80000000
0000006D
00000000
00000000
00000000
00000000
00000000
00000000
00000000
00000000
00000000
00000000
00000000
003F0000
00000000
00000000
00000000
00000000
00000000
00000000
00000000
00000000
00000000
00000000
00000000
00000000
0000001E
00000000
00000000
00000000
00000000
00000000
00000000
00000000
00000000
00000000
00000000
00000000
